$bdyty
 RBDY3    946
$nodty
 NO6xx      1
$dofty  numbr   [CT......+......AMP..*..cos.(..OMEGA.*.time.+.PHI..)]...*...[RAMPI.....+.....RAMP.*.time]
 vlocy      1  0.0000000D+00  0.0000000D+00  0.0000000D+00  0.0000000D+00  0.0000000D+00  0.0000000D+00
 vlocy      2  0.0000000D+00  0.0000000D+00  0.0000000D+00  0.0000000D+00  0.0000000D+00  0.0000000D+00
 vlocy      3  0.0000000D+00  0.0000000D+00  0.0000000D+00  0.0000000D+00  0.0000000D+00  0.0000000D+00
 vlocy      4  0.0000000D+00  0.0000000D+00  0.0000000D+00  0.0000000D+00  0.0000000D+00  0.0000000D+00
 vlocy      5  0.0000000D+00  0.0000000D+00  0.0000000D+00  0.0000000D+00  0.0000000D+00  0.0000000D+00
 vlocy      6  0.0000000D+00  0.0000000D+00  0.0000000D+00  0.0000000D+00  0.0000000D+00  0.0000000D+00
$$$$$$
$bdyty
 RBDY3    947
$nodty
 NO6xx      1
$dofty  numbr   [CT......+......AMP..*..cos.(..OMEGA.*.time.+.PHI..)]...*...[RAMPI.....+.....RAMP.*.time]
 vlocy      1  0.0000000D+00  0.0000000D+00  0.0000000D+00  0.0000000D+00  0.0000000D+00  0.0000000D+00
 vlocy      2  0.0000000D+00  0.0000000D+00  0.0000000D+00  0.0000000D+00  0.0000000D+00  0.0000000D+00
 vlocy      3  0.0000000D+00  0.0000000D+00  0.0000000D+00  0.0000000D+00  0.0000000D+00  0.0000000D+00
 vlocy      4  0.0000000D+00  0.0000000D+00  0.0000000D+00  0.0000000D+00  0.0000000D+00  0.0000000D+00
 vlocy      5  0.0000000D+00  0.0000000D+00  0.0000000D+00  0.0000000D+00  0.0000000D+00  0.0000000D+00
 vlocy      6  0.0000000D+00  0.0000000D+00  0.0000000D+00  0.0000000D+00  0.0000000D+00  0.0000000D+00
$$$$$$
$bdyty
 RBDY3    948
$nodty
 NO6xx      1
$dofty  numbr   [CT......+......AMP..*..cos.(..OMEGA.*.time.+.PHI..)]...*...[RAMPI.....+.....RAMP.*.time]
 vlocy      1  0.0000000D+00  0.0000000D+00  0.0000000D+00  0.0000000D+00  0.0000000D+00  0.0000000D+00
 vlocy      2  0.0000000D+00  0.0000000D+00  0.0000000D+00  0.0000000D+00  0.0000000D+00  0.0000000D+00
 vlocy      3  0.0000000D+00  0.0000000D+00  0.0000000D+00  0.0000000D+00  0.0000000D+00  0.0000000D+00
 vlocy      4  0.0000000D+00  0.0000000D+00  0.0000000D+00  0.0000000D+00  0.0000000D+00  0.0000000D+00
 vlocy      5  0.0000000D+00  0.0000000D+00  0.0000000D+00  0.0000000D+00  0.0000000D+00  0.0000000D+00
 vlocy      6  0.0000000D+00  0.0000000D+00  0.0000000D+00  0.0000000D+00  0.0000000D+00  0.0000000D+00
$$$$$$
$bdyty
 RBDY3    949
$nodty
 NO6xx      1
$dofty  numbr   [CT......+......AMP..*..cos.(..OMEGA.*.time.+.PHI..)]...*...[RAMPI.....+.....RAMP.*.time]
 vlocy      1  0.0000000D+00  0.0000000D+00  0.0000000D+00  0.0000000D+00  0.0000000D+00  0.0000000D+00
 vlocy      2  0.0000000D+00  0.0000000D+00  0.0000000D+00  0.0000000D+00  0.0000000D+00  0.0000000D+00
 vlocy      3  0.0000000D+00  0.0000000D+00  0.0000000D+00  0.0000000D+00  0.0000000D+00  0.0000000D+00
 vlocy      4  0.0000000D+00  0.0000000D+00  0.0000000D+00  0.0000000D+00  0.0000000D+00  0.0000000D+00
 vlocy      5  0.0000000D+00  0.0000000D+00  0.0000000D+00  0.0000000D+00  0.0000000D+00  0.0000000D+00
 vlocy      6  0.0000000D+00  0.0000000D+00  0.0000000D+00  0.0000000D+00  0.0000000D+00  0.0000000D+00
$$$$$$
$bdyty
 RBDY3    950
$nodty
 NO6xx      1
$dofty  numbr   [CT......+......AMP..*..cos.(..OMEGA.*.time.+.PHI..)]...*...[RAMPI.....+.....RAMP.*.time]
 vlocy      1  0.0000000D+00  0.0000000D+00  0.0000000D+00  0.0000000D+00  0.0000000D+00  0.0000000D+00
 vlocy      2  0.0000000D+00  0.0000000D+00  0.0000000D+00  0.0000000D+00  0.0000000D+00  0.0000000D+00
 vlocy      3  0.0000000D+00  0.0000000D+00  0.0000000D+00  0.0000000D+00  0.0000000D+00  0.0000000D+00
 vlocy      4  0.0000000D+00  0.0000000D+00  0.0000000D+00  0.0000000D+00  0.0000000D+00  0.0000000D+00
 vlocy      5  0.0000000D+00  0.0000000D+00  0.0000000D+00  0.0000000D+00  0.0000000D+00  0.0000000D+00
 vlocy      6  0.0000000D+00  0.0000000D+00  0.0000000D+00  0.0000000D+00  0.0000000D+00  0.0000000D+00
$$$$$$
