1 -1 0 0  0 -.5 1 0 0 0 0 0 0 0 0 0
2 -2 1 20.0 0.0 5.0 0.707106781187 0.707106781187 0.0 0.0 0 0 0 0 0 0
2 -2 1 1.22464679915e-15 20.0 5.0 0.5 0.5 0.5 0.5 0 0 0 0 0 0
2 -2 1 -20.0 2.44929359829e-15 5.0 4.32978028118e-17 4.32978028118e-17 0.707106781187 0.707106781187 0 0 0 0 0 0
2 -2 1 -3.67394039744e-15 -20.0 5.0 -0.5 -0.5 0.5 0.5 0 0 0 0 0 0
0 0 1 10.0322375018 10.0620068945 5 0.707106781187 0.707106781187 0.0 0.0 0 0 0 0 0 0
0 0 1 10.0128040566 10.0350695097 6 0.707106781187 0.707106781187 0.0 0.0 0 0 0 0 0 0
0 0 1 10.0358682911 10.0395171658 7 0.707106781187 0.707106781187 0.0 0.0 0 0 0 0 0 0
0 0 1 10.0544316655 10.0119454556 8 0.707106781187 0.707106781187 0.0 0.0 0 0 0 0 0 0
0 0 1 10.0220401922 10.0817007411 9 0.707106781187 0.707106781187 0.0 0.0 0 0 0 0 0 0
0 0 1 10.0955745237 10.0703637175 10 0.707106781187 0.707106781187 0.0 0.0 0 0 0 0 0 0
0 0 1 10.0268217009 10.00374161 11 0.707106781187 0.707106781187 0.0 0.0 0 0 0 0 0 0
0 0 1 10.0910532392 10.0656967509 12 0.707106781187 0.707106781187 0.0 0.0 0 0 0 0 0 0
0 0 1 10.0175206488 10.0606141173 13 0.707106781187 0.707106781187 0.0 0.0 0 0 0 0 0 0
0 0 1 10.0618834147 10.0188879013 14 0.707106781187 0.707106781187 0.0 0.0 0 0 0 0 0 0
0 0 1 10.0550244716 8.07568151522 5 0.707106781187 0.707106781187 0.0 0.0 0 0 0 0 0 0
0 0 1 10.070697779 8.08246466598 6 0.707106781187 0.707106781187 0.0 0.0 0 0 0 0 0 0
0 0 1 10.0933911443 8.00695178091 7 0.707106781187 0.707106781187 0.0 0.0 0 0 0 0 0 0
0 0 1 10.0770801379 8.08033886094 8 0.707106781187 0.707106781187 0.0 0.0 0 0 0 0 0 0
0 0 1 10.0834322836 8.0848075506 9 0.707106781187 0.707106781187 0.0 0.0 0 0 0 0 0 0
0 0 1 10.0592584027 8.0263277373 10 0.707106781187 0.707106781187 0.0 0.0 0 0 0 0 0 0
0 0 1 10.0625669093 8.09045839233 11 0.707106781187 0.707106781187 0.0 0.0 0 0 0 0 0 0
0 0 1 10.0966927719 8.02119895146 12 0.707106781187 0.707106781187 0.0 0.0 0 0 0 0 0 0
0 0 1 10.0416910402 8.07058249944 13 0.707106781187 0.707106781187 0.0 0.0 0 0 0 0 0 0
0 0 1 10.0353210188 8.07457546354 14 0.707106781187 0.707106781187 0.0 0.0 0 0 0 0 0 0
0 0 1 10.0227957716 6.04455537429 5 0.707106781187 0.707106781187 0.0 0.0 0 0 0 0 0 0
0 0 1 10.0805279343 6.0212630154 6 0.707106781187 0.707106781187 0.0 0.0 0 0 0 0 0 0
0 0 1 10.0206152123 6.03768207942 7 0.707106781187 0.707106781187 0.0 0.0 0 0 0 0 0 0
0 0 1 10.0217974169 6.01721955866 8 0.707106781187 0.707106781187 0.0 0.0 0 0 0 0 0 0
0 0 1 10.0138316391 6.03919002165 9 0.707106781187 0.707106781187 0.0 0.0 0 0 0 0 0 0
0 0 1 10.0420881129 6.02034667978 10 0.707106781187 0.707106781187 0.0 0.0 0 0 0 0 0 0
0 0 1 10.0184327338 6.05443213865 11 0.707106781187 0.707106781187 0.0 0.0 0 0 0 0 0 0
0 0 1 10.0828769657 6.02106871489 12 0.707106781187 0.707106781187 0.0 0.0 0 0 0 0 0 0
0 0 1 10.0658594966 6.00112465443 13 0.707106781187 0.707106781187 0.0 0.0 0 0 0 0 0 0
0 0 1 10.0167328415 6.02353971032 14 0.707106781187 0.707106781187 0.0 0.0 0 0 0 0 0 0
0 0 1 10.0734642172 4.02060680562 5 0.707106781187 0.707106781187 0.0 0.0 0 0 0 0 0 0
0 0 1 10.0708234492 4.0224884227 6 0.707106781187 0.707106781187 0.0 0.0 0 0 0 0 0 0
0 0 1 10.0377346253 4.01144698277 7 0.707106781187 0.707106781187 0.0 0.0 0 0 0 0 0 0
0 0 1 10.0798270849 4.07825854261 8 0.707106781187 0.707106781187 0.0 0.0 0 0 0 0 0 0
0 0 1 10.054082852 4.04942517809 9 0.707106781187 0.707106781187 0.0 0.0 0 0 0 0 0 0
0 0 1 10.0334729116 4.04364048076 10 0.707106781187 0.707106781187 0.0 0.0 0 0 0 0 0 0
0 0 1 10.0353034961 4.09925010623 11 0.707106781187 0.707106781187 0.0 0.0 0 0 0 0 0 0
0 0 1 10.0363243157 4.06546722759 12 0.707106781187 0.707106781187 0.0 0.0 0 0 0 0 0 0
0 0 1 10.0095967526 4.04636314602 13 0.707106781187 0.707106781187 0.0 0.0 0 0 0 0 0 0
0 0 1 10.0984670518 4.09614913071 14 0.707106781187 0.707106781187 0.0 0.0 0 0 0 0 0 0
0 0 1 10.0429995726 2.02782732292 5 0.707106781187 0.707106781187 0.0 0.0 0 0 0 0 0 0
0 0 1 10.0109197055 2.05117825292 6 0.707106781187 0.707106781187 0.0 0.0 0 0 0 0 0 0
0 0 1 10.0653177733 2.01281298694 7 0.707106781187 0.707106781187 0.0 0.0 0 0 0 0 0 0
0 0 1 10.0497891638 2.09533561753 8 0.707106781187 0.707106781187 0.0 0.0 0 0 0 0 0 0
0 0 1 10.0691850073 2.01358305005 9 0.707106781187 0.707106781187 0.0 0.0 0 0 0 0 0 0
0 0 1 10.091708376 2.0277730185 10 0.707106781187 0.707106781187 0.0 0.0 0 0 0 0 0 0
0 0 1 10.062936989 2.07468045253 11 0.707106781187 0.707106781187 0.0 0.0 0 0 0 0 0 0
0 0 1 10.0776286306 2.05978103574 12 0.707106781187 0.707106781187 0.0 0.0 0 0 0 0 0 0
0 0 1 10.0464340022 2.0580177786 13 0.707106781187 0.707106781187 0.0 0.0 0 0 0 0 0 0
0 0 1 10.099138665 2.02060065997 14 0.707106781187 0.707106781187 0.0 0.0 0 0 0 0 0 0
0 0 1 10.098034568 0.0705280440315 5 0.707106781187 0.707106781187 0.0 0.0 0 0 0 0 0 0
0 0 1 10.0504279829 0.0729790542194 6 0.707106781187 0.707106781187 0.0 0.0 0 0 0 0 0 0
0 0 1 10.0000320757 0.0933033754416 7 0.707106781187 0.707106781187 0.0 0.0 0 0 0 0 0 0
0 0 1 10.0159358956 0.0291946224141 8 0.707106781187 0.707106781187 0.0 0.0 0 0 0 0 0 0
0 0 1 10.0799456662 0.0767275577386 9 0.707106781187 0.707106781187 0.0 0.0 0 0 0 0 0 0
0 0 1 10.0052300675 0.0101557019285 10 0.707106781187 0.707106781187 0.0 0.0 0 0 0 0 0 0
0 0 1 10.0000093845 0.0183117896566 11 0.707106781187 0.707106781187 0.0 0.0 0 0 0 0 0 0
0 0 1 10.0747948536 0.0121149279332 12 0.707106781187 0.707106781187 0.0 0.0 0 0 0 0 0 0
0 0 1 10.0680032629 0.0938002877877 13 0.707106781187 0.707106781187 0.0 0.0 0 0 0 0 0 0
0 0 1 10.0155441383 0.026888167173 14 0.707106781187 0.707106781187 0.0 0.0 0 0 0 0 0 0
0 0 1 10.0976428401 -1.91929862366 5 0.707106781187 0.707106781187 0.0 0.0 0 0 0 0 0 0
0 0 1 10.0448937389 -1.94208729457 6 0.707106781187 0.707106781187 0.0 0.0 0 0 0 0 0 0
0 0 1 10.0372135929 -1.92605666768 7 0.707106781187 0.707106781187 0.0 0.0 0 0 0 0 0 0
0 0 1 10.0349807046 -1.9987390441 8 0.707106781187 0.707106781187 0.0 0.0 0 0 0 0 0 0
0 0 1 10.0780338591 -1.9740920374 9 0.707106781187 0.707106781187 0.0 0.0 0 0 0 0 0 0
0 0 1 10.0751028439 -1.93399761112 10 0.707106781187 0.707106781187 0.0 0.0 0 0 0 0 0 0
0 0 1 10.0232023207 -1.97370035734 11 0.707106781187 0.707106781187 0.0 0.0 0 0 0 0 0 0
0 0 1 10.0081729496 -1.90630668608 12 0.707106781187 0.707106781187 0.0 0.0 0 0 0 0 0 0
0 0 1 10.0337576817 -1.95052710438 13 0.707106781187 0.707106781187 0.0 0.0 0 0 0 0 0 0
0 0 1 10.0451690191 -1.92006025458 14 0.707106781187 0.707106781187 0.0 0.0 0 0 0 0 0 0
0 0 1 10.082769216 -3.9779116974 5 0.707106781187 0.707106781187 0.0 0.0 0 0 0 0 0 0
0 0 1 10.0114116006 -3.9200149477 6 0.707106781187 0.707106781187 0.0 0.0 0 0 0 0 0 0
0 0 1 10.0562729586 -3.98184387133 7 0.707106781187 0.707106781187 0.0 0.0 0 0 0 0 0 0
0 0 1 10.0003519243 -3.92747775187 8 0.707106781187 0.707106781187 0.0 0.0 0 0 0 0 0 0
0 0 1 10.0329402029 -3.9285291337 9 0.707106781187 0.707106781187 0.0 0.0 0 0 0 0 0 0
0 0 1 10.0975859372 -3.96156709586 10 0.707106781187 0.707106781187 0.0 0.0 0 0 0 0 0 0
0 0 1 10.0517901463 -3.95600656559 11 0.707106781187 0.707106781187 0.0 0.0 0 0 0 0 0 0
0 0 1 10.0970181567 -3.97813892718 12 0.707106781187 0.707106781187 0.0 0.0 0 0 0 0 0 0
0 0 1 10.045510026 -3.93560480502 13 0.707106781187 0.707106781187 0.0 0.0 0 0 0 0 0 0
0 0 1 10.0320281759 -3.9322791453 14 0.707106781187 0.707106781187 0.0 0.0 0 0 0 0 0 0
0 0 1 10.043602459 -5.96640246531 5 0.707106781187 0.707106781187 0.0 0.0 0 0 0 0 0 0
0 0 1 10.0626502053 -5.92881984638 6 0.707106781187 0.707106781187 0.0 0.0 0 0 0 0 0 0
0 0 1 10.010779552 -5.96997068667 7 0.707106781187 0.707106781187 0.0 0.0 0 0 0 0 0 0
0 0 1 10.0150990942 -5.95930777227 8 0.707106781187 0.707106781187 0.0 0.0 0 0 0 0 0 0
0 0 1 10.0263394221 -5.97950534275 9 0.707106781187 0.707106781187 0.0 0.0 0 0 0 0 0 0
0 0 1 10.0354220144 -5.91340619092 10 0.707106781187 0.707106781187 0.0 0.0 0 0 0 0 0 0
0 0 1 10.0633933798 -5.98984017533 11 0.707106781187 0.707106781187 0.0 0.0 0 0 0 0 0 0
0 0 1 10.0801785703 -5.91498270679 12 0.707106781187 0.707106781187 0.0 0.0 0 0 0 0 0 0
0 0 1 10.0181937714 -5.95954469753 13 0.707106781187 0.707106781187 0.0 0.0 0 0 0 0 0 0
0 0 1 10.0345334646 -5.99043921608 14 0.707106781187 0.707106781187 0.0 0.0 0 0 0 0 0 0
0 0 1 10.0076156808 -7.90559965302 5 0.707106781187 0.707106781187 0.0 0.0 0 0 0 0 0 0
0 0 1 10.001231571 -7.9238859455 6 0.707106781187 0.707106781187 0.0 0.0 0 0 0 0 0 0
0 0 1 10.0977360349 -7.90430394219 7 0.707106781187 0.707106781187 0.0 0.0 0 0 0 0 0 0
0 0 1 10.0478320446 -7.93117082481 8 0.707106781187 0.707106781187 0.0 0.0 0 0 0 0 0 0
0 0 1 10.0452598083 -7.98189285777 9 0.707106781187 0.707106781187 0.0 0.0 0 0 0 0 0 0
0 0 1 10.0356919464 -7.91004285901 10 0.707106781187 0.707106781187 0.0 0.0 0 0 0 0 0 0
0 0 1 10.0759766071 -7.91314833035 11 0.707106781187 0.707106781187 0.0 0.0 0 0 0 0 0 0
0 0 1 10.0081069017 -7.91503895226 12 0.707106781187 0.707106781187 0.0 0.0 0 0 0 0 0 0
0 0 1 10.0562395716 -7.99560101816 13 0.707106781187 0.707106781187 0.0 0.0 0 0 0 0 0 0
0 0 1 10.0076454832 -7.96712407216 14 0.707106781187 0.707106781187 0.0 0.0 0 0 0 0 0 0
0 0 1 8.02651783757 10.0210514253 5 0.707106781187 0.707106781187 0.0 0.0 0 0 0 0 0 0
0 0 1 8.0989279425 10.056292299 6 0.707106781187 0.707106781187 0.0 0.0 0 0 0 0 0 0
0 0 1 8.06461019627 10.0660359495 7 0.707106781187 0.707106781187 0.0 0.0 0 0 0 0 0 0
0 0 1 8.065768651 10.0740074037 8 0.707106781187 0.707106781187 0.0 0.0 0 0 0 0 0 0
0 0 1 8.05753758675 10.0827424684 9 0.707106781187 0.707106781187 0.0 0.0 0 0 0 0 0 0
0 0 1 8.01972989763 10.0571438554 10 0.707106781187 0.707106781187 0.0 0.0 0 0 0 0 0 0
0 0 1 8.04764966452 10.0285682439 11 0.707106781187 0.707106781187 0.0 0.0 0 0 0 0 0 0
0 0 1 8.010420469 10.0756578244 12 0.707106781187 0.707106781187 0.0 0.0 0 0 0 0 0 0
0 0 1 8.0504046909 10.0698979763 13 0.707106781187 0.707106781187 0.0 0.0 0 0 0 0 0 0
0 0 1 8.07900776525 10.0683238332 14 0.707106781187 0.707106781187 0.0 0.0 0 0 0 0 0 0
0 0 1 8.04457950091 8.01061209433 5 0.707106781187 0.707106781187 0.0 0.0 0 0 0 0 0 0
0 0 1 8.0658611424 8.00259437195 6 0.707106781187 0.707106781187 0.0 0.0 0 0 0 0 0 0
0 0 1 8.0398244786 8.08234176066 7 0.707106781187 0.707106781187 0.0 0.0 0 0 0 0 0 0
0 0 1 8.04972714929 8.0249222669 8 0.707106781187 0.707106781187 0.0 0.0 0 0 0 0 0 0
0 0 1 8.07652093818 8.08286248656 9 0.707106781187 0.707106781187 0.0 0.0 0 0 0 0 0 0
0 0 1 8.0711461505 8.07803166719 10 0.707106781187 0.707106781187 0.0 0.0 0 0 0 0 0 0
0 0 1 8.03030411563 8.02786015689 11 0.707106781187 0.707106781187 0.0 0.0 0 0 0 0 0 0
0 0 1 8.04989254627 8.02376252925 12 0.707106781187 0.707106781187 0.0 0.0 0 0 0 0 0 0
0 0 1 8.01678971739 8.00085989053 13 0.707106781187 0.707106781187 0.0 0.0 0 0 0 0 0 0
0 0 1 8.04120172681 8.09138397416 14 0.707106781187 0.707106781187 0.0 0.0 0 0 0 0 0 0
0 0 1 8.08156372725 6.08320493176 5 0.707106781187 0.707106781187 0.0 0.0 0 0 0 0 0 0
0 0 1 8.04562565003 6.05205996543 6 0.707106781187 0.707106781187 0.0 0.0 0 0 0 0 0 0
0 0 1 8.03025232514 6.08716804687 7 0.707106781187 0.707106781187 0.0 0.0 0 0 0 0 0 0
0 0 1 8.03913149234 6.03875178754 8 0.707106781187 0.707106781187 0.0 0.0 0 0 0 0 0 0
0 0 1 8.03456258942 6.02028874153 9 0.707106781187 0.707106781187 0.0 0.0 0 0 0 0 0 0
0 0 1 8.06996592889 6.07354222654 10 0.707106781187 0.707106781187 0.0 0.0 0 0 0 0 0 0
0 0 1 8.05616688769 6.08121544427 11 0.707106781187 0.707106781187 0.0 0.0 0 0 0 0 0 0
0 0 1 8.03096476664 6.06207076126 12 0.707106781187 0.707106781187 0.0 0.0 0 0 0 0 0 0
0 0 1 8.04628733122 6.00822176986 13 0.707106781187 0.707106781187 0.0 0.0 0 0 0 0 0 0
0 0 1 8.01538124724 6.06508023427 14 0.707106781187 0.707106781187 0.0 0.0 0 0 0 0 0 0
0 0 1 8.08159839912 4.02073776411 5 0.707106781187 0.707106781187 0.0 0.0 0 0 0 0 0 0
0 0 1 8.04949781462 4.04266213263 6 0.707106781187 0.707106781187 0.0 0.0 0 0 0 0 0 0
0 0 1 8.02867249171 4.03732260841 7 0.707106781187 0.707106781187 0.0 0.0 0 0 0 0 0 0
0 0 1 8.08998428487 4.09216032228 8 0.707106781187 0.707106781187 0.0 0.0 0 0 0 0 0 0
0 0 1 8.02315589149 4.00144987427 9 0.707106781187 0.707106781187 0.0 0.0 0 0 0 0 0 0
0 0 1 8.03130618046 4.08658920888 10 0.707106781187 0.707106781187 0.0 0.0 0 0 0 0 0 0
0 0 1 8.00629433813 4.05027198028 11 0.707106781187 0.707106781187 0.0 0.0 0 0 0 0 0 0
0 0 1 8.05047537108 4.00910755158 12 0.707106781187 0.707106781187 0.0 0.0 0 0 0 0 0 0
0 0 1 8.01451557106 4.07973206647 13 0.707106781187 0.707106781187 0.0 0.0 0 0 0 0 0 0
0 0 1 8.06116638181 4.04652812229 14 0.707106781187 0.707106781187 0.0 0.0 0 0 0 0 0 0
0 0 1 8.09725467556 2.07141442137 5 0.707106781187 0.707106781187 0.0 0.0 0 0 0 0 0 0
0 0 1 8.00069726354 2.02153807539 6 0.707106781187 0.707106781187 0.0 0.0 0 0 0 0 0 0
0 0 1 8.03317713759 2.02265696562 7 0.707106781187 0.707106781187 0.0 0.0 0 0 0 0 0 0
0 0 1 8.05269065105 2.07186735905 8 0.707106781187 0.707106781187 0.0 0.0 0 0 0 0 0 0
0 0 1 8.02135724657 2.0680496565 9 0.707106781187 0.707106781187 0.0 0.0 0 0 0 0 0 0
0 0 1 8.06108001071 2.03495162212 10 0.707106781187 0.707106781187 0.0 0.0 0 0 0 0 0 0
0 0 1 8.01599566982 2.0348825109 11 0.707106781187 0.707106781187 0.0 0.0 0 0 0 0 0 0
0 0 1 8.03489156633 2.08049939258 12 0.707106781187 0.707106781187 0.0 0.0 0 0 0 0 0 0
0 0 1 8.02349477096 2.05468371956 13 0.707106781187 0.707106781187 0.0 0.0 0 0 0 0 0 0
0 0 1 8.03048055556 2.08703687943 14 0.707106781187 0.707106781187 0.0 0.0 0 0 0 0 0 0
0 0 1 8.01950669239 0.0147777248127 5 0.707106781187 0.707106781187 0.0 0.0 0 0 0 0 0 0
0 0 1 8.04868844322 0.096422434343 6 0.707106781187 0.707106781187 0.0 0.0 0 0 0 0 0 0
0 0 1 8.02816692477 0.0312539576867 7 0.707106781187 0.707106781187 0.0 0.0 0 0 0 0 0 0
0 0 1 8.04548619185 0.0992952257684 8 0.707106781187 0.707106781187 0.0 0.0 0 0 0 0 0 0
0 0 1 8.0090909253 0.0639098954891 9 0.707106781187 0.707106781187 0.0 0.0 0 0 0 0 0 0
0 0 1 8.08845212481 0.0656002883288 10 0.707106781187 0.707106781187 0.0 0.0 0 0 0 0 0 0
0 0 1 8.09406117771 0.0745592053364 11 0.707106781187 0.707106781187 0.0 0.0 0 0 0 0 0 0
0 0 1 8.01562709537 0.0936904644552 12 0.707106781187 0.707106781187 0.0 0.0 0 0 0 0 0 0
0 0 1 8.0662406408 0.0601810599106 13 0.707106781187 0.707106781187 0.0 0.0 0 0 0 0 0 0
0 0 1 8.090130315 0.0121158082782 14 0.707106781187 0.707106781187 0.0 0.0 0 0 0 0 0 0
0 0 1 8.02183407624 -1.92019807453 5 0.707106781187 0.707106781187 0.0 0.0 0 0 0 0 0 0
0 0 1 8.01227128412 -1.98546885397 6 0.707106781187 0.707106781187 0.0 0.0 0 0 0 0 0 0
0 0 1 8.07193221756 -1.97439973497 7 0.707106781187 0.707106781187 0.0 0.0 0 0 0 0 0 0
0 0 1 8.04677369153 -1.94660963177 8 0.707106781187 0.707106781187 0.0 0.0 0 0 0 0 0 0
0 0 1 8.02671922386 -1.97940992956 9 0.707106781187 0.707106781187 0.0 0.0 0 0 0 0 0 0
0 0 1 8.05142218345 -1.95529681952 10 0.707106781187 0.707106781187 0.0 0.0 0 0 0 0 0 0
0 0 1 8.00052332586 -1.98229261445 11 0.707106781187 0.707106781187 0.0 0.0 0 0 0 0 0 0
0 0 1 8.06423872932 -1.94776626283 12 0.707106781187 0.707106781187 0.0 0.0 0 0 0 0 0 0
0 0 1 8.04297291033 -1.9062126315 13 0.707106781187 0.707106781187 0.0 0.0 0 0 0 0 0 0
0 0 1 8.02454948085 -1.94414314792 14 0.707106781187 0.707106781187 0.0 0.0 0 0 0 0 0 0
0 0 1 8.08815972733 -3.96333689856 5 0.707106781187 0.707106781187 0.0 0.0 0 0 0 0 0 0
0 0 1 8.08319051571 -3.9692550667 6 0.707106781187 0.707106781187 0.0 0.0 0 0 0 0 0 0
0 0 1 8.09893878693 -3.93873808972 7 0.707106781187 0.707106781187 0.0 0.0 0 0 0 0 0 0
0 0 1 8.07436637852 -3.9539853091 8 0.707106781187 0.707106781187 0.0 0.0 0 0 0 0 0 0
0 0 1 8.03498033835 -3.93953127773 9 0.707106781187 0.707106781187 0.0 0.0 0 0 0 0 0 0
0 0 1 8.09553399126 -3.97201588476 10 0.707106781187 0.707106781187 0.0 0.0 0 0 0 0 0 0
0 0 1 8.0957846731 -3.97708628051 11 0.707106781187 0.707106781187 0.0 0.0 0 0 0 0 0 0
0 0 1 8.0788313558 -3.95125475308 12 0.707106781187 0.707106781187 0.0 0.0 0 0 0 0 0 0
0 0 1 8.08101345465 -3.95674453657 13 0.707106781187 0.707106781187 0.0 0.0 0 0 0 0 0 0
0 0 1 8.06003870944 -3.97572821263 14 0.707106781187 0.707106781187 0.0 0.0 0 0 0 0 0 0
0 0 1 8.04069367532 -5.95267362794 5 0.707106781187 0.707106781187 0.0 0.0 0 0 0 0 0 0
0 0 1 8.07490610395 -5.90207627348 6 0.707106781187 0.707106781187 0.0 0.0 0 0 0 0 0 0
0 0 1 8.09464375591 -5.96988362691 7 0.707106781187 0.707106781187 0.0 0.0 0 0 0 0 0 0
0 0 1 8.04733536927 -5.9381055194 8 0.707106781187 0.707106781187 0.0 0.0 0 0 0 0 0 0
0 0 1 8.0974305577 -5.95769800246 9 0.707106781187 0.707106781187 0.0 0.0 0 0 0 0 0 0
0 0 1 8.09993583031 -5.94783817073 10 0.707106781187 0.707106781187 0.0 0.0 0 0 0 0 0 0
0 0 1 8.07446094368 -5.92467830233 11 0.707106781187 0.707106781187 0.0 0.0 0 0 0 0 0 0
0 0 1 8.0362655371 -5.93074710655 12 0.707106781187 0.707106781187 0.0 0.0 0 0 0 0 0 0
0 0 1 8.03278826561 -5.96138155514 13 0.707106781187 0.707106781187 0.0 0.0 0 0 0 0 0 0
0 0 1 8.03016688541 -5.90433947202 14 0.707106781187 0.707106781187 0.0 0.0 0 0 0 0 0 0
0 0 1 8.00851344881 -7.95417355971 5 0.707106781187 0.707106781187 0.0 0.0 0 0 0 0 0 0
0 0 1 8.03788666114 -7.91074817115 6 0.707106781187 0.707106781187 0.0 0.0 0 0 0 0 0 0
0 0 1 8.09383919794 -7.9828508592 7 0.707106781187 0.707106781187 0.0 0.0 0 0 0 0 0 0
0 0 1 8.05347517069 -7.96929206018 8 0.707106781187 0.707106781187 0.0 0.0 0 0 0 0 0 0
0 0 1 8.08611379488 -7.97668682069 9 0.707106781187 0.707106781187 0.0 0.0 0 0 0 0 0 0
0 0 1 8.00027574893 -7.92915199327 10 0.707106781187 0.707106781187 0.0 0.0 0 0 0 0 0 0
0 0 1 8.06144934741 -7.95327583312 11 0.707106781187 0.707106781187 0.0 0.0 0 0 0 0 0 0
0 0 1 8.03764979908 -7.97295460706 12 0.707106781187 0.707106781187 0.0 0.0 0 0 0 0 0 0
0 0 1 8.013914679 -7.95609427661 13 0.707106781187 0.707106781187 0.0 0.0 0 0 0 0 0 0
0 0 1 8.01592968623 -7.92083771329 14 0.707106781187 0.707106781187 0.0 0.0 0 0 0 0 0 0
0 0 1 6.05670204683 10.0258968782 5 0.707106781187 0.707106781187 0.0 0.0 0 0 0 0 0 0
0 0 1 6.05620811223 10.0554860618 6 0.707106781187 0.707106781187 0.0 0.0 0 0 0 0 0 0
0 0 1 6.06197031525 10.0137071858 7 0.707106781187 0.707106781187 0.0 0.0 0 0 0 0 0 0
0 0 1 6.05693604911 10.0763293434 8 0.707106781187 0.707106781187 0.0 0.0 0 0 0 0 0 0
0 0 1 6.07489147174 10.0074917507 9 0.707106781187 0.707106781187 0.0 0.0 0 0 0 0 0 0
0 0 1 6.02105344792 10.060917292 10 0.707106781187 0.707106781187 0.0 0.0 0 0 0 0 0 0
0 0 1 6.01609479166 10.0315585726 11 0.707106781187 0.707106781187 0.0 0.0 0 0 0 0 0 0
0 0 1 6.05947808062 10.0286468114 12 0.707106781187 0.707106781187 0.0 0.0 0 0 0 0 0 0
0 0 1 6.06988291952 10.0169632375 13 0.707106781187 0.707106781187 0.0 0.0 0 0 0 0 0 0
0 0 1 6.00501644397 10.0097515193 14 0.707106781187 0.707106781187 0.0 0.0 0 0 0 0 0 0
0 0 1 6.05700940336 8.09418275925 5 0.707106781187 0.707106781187 0.0 0.0 0 0 0 0 0 0
0 0 1 6.05840821619 8.01871500863 6 0.707106781187 0.707106781187 0.0 0.0 0 0 0 0 0 0
0 0 1 6.07042300166 8.0294702075 7 0.707106781187 0.707106781187 0.0 0.0 0 0 0 0 0 0
0 0 1 6.04539771028 8.02570775352 8 0.707106781187 0.707106781187 0.0 0.0 0 0 0 0 0 0
0 0 1 6.0571109238 8.07730924104 9 0.707106781187 0.707106781187 0.0 0.0 0 0 0 0 0 0
0 0 1 6.01169027188 8.07722221965 10 0.707106781187 0.707106781187 0.0 0.0 0 0 0 0 0 0
0 0 1 6.01165659439 8.09668824039 11 0.707106781187 0.707106781187 0.0 0.0 0 0 0 0 0 0
0 0 1 6.05120475906 8.01261575359 12 0.707106781187 0.707106781187 0.0 0.0 0 0 0 0 0 0
0 0 1 6.04727358342 8.06225939128 13 0.707106781187 0.707106781187 0.0 0.0 0 0 0 0 0 0
0 0 1 6.08227074711 8.07781533526 14 0.707106781187 0.707106781187 0.0 0.0 0 0 0 0 0 0
0 0 1 6.0215914724 6.09949732931 5 0.707106781187 0.707106781187 0.0 0.0 0 0 0 0 0 0
0 0 1 6.00819587297 6.0192110454 6 0.707106781187 0.707106781187 0.0 0.0 0 0 0 0 0 0
0 0 1 6.01696044865 6.08977209676 7 0.707106781187 0.707106781187 0.0 0.0 0 0 0 0 0 0
0 0 1 6.03349920224 6.03724087042 8 0.707106781187 0.707106781187 0.0 0.0 0 0 0 0 0 0
0 0 1 6.01345368948 6.03339593573 9 0.707106781187 0.707106781187 0.0 0.0 0 0 0 0 0 0
0 0 1 6.0591403958 6.06319540747 10 0.707106781187 0.707106781187 0.0 0.0 0 0 0 0 0 0
0 0 1 6.00811835527 6.07159359113 11 0.707106781187 0.707106781187 0.0 0.0 0 0 0 0 0 0
0 0 1 6.00335709164 6.0561251893 12 0.707106781187 0.707106781187 0.0 0.0 0 0 0 0 0 0
0 0 1 6.00006946179 6.00425706281 13 0.707106781187 0.707106781187 0.0 0.0 0 0 0 0 0 0
0 0 1 6.07664880625 6.01610586846 14 0.707106781187 0.707106781187 0.0 0.0 0 0 0 0 0 0
0 0 1 6.09623458666 4.06358253228 5 0.707106781187 0.707106781187 0.0 0.0 0 0 0 0 0 0
0 0 1 6.09881285995 4.02812759598 6 0.707106781187 0.707106781187 0.0 0.0 0 0 0 0 0 0
0 0 1 6.07944608924 4.08093002657 7 0.707106781187 0.707106781187 0.0 0.0 0 0 0 0 0 0
0 0 1 6.02531214061 4.01296769278 8 0.707106781187 0.707106781187 0.0 0.0 0 0 0 0 0 0
0 0 1 6.02555475499 4.0786636314 9 0.707106781187 0.707106781187 0.0 0.0 0 0 0 0 0 0
0 0 1 6.0877259186 4.09548570165 10 0.707106781187 0.707106781187 0.0 0.0 0 0 0 0 0 0
0 0 1 6.04461791281 4.09609872107 11 0.707106781187 0.707106781187 0.0 0.0 0 0 0 0 0 0
0 0 1 6.08155008847 4.02807037488 12 0.707106781187 0.707106781187 0.0 0.0 0 0 0 0 0 0
0 0 1 6.04140958733 4.08834356738 13 0.707106781187 0.707106781187 0.0 0.0 0 0 0 0 0 0
0 0 1 6.04104662343 4.07088530097 14 0.707106781187 0.707106781187 0.0 0.0 0 0 0 0 0 0
0 0 1 6.08287934229 2.07777796802 5 0.707106781187 0.707106781187 0.0 0.0 0 0 0 0 0 0
0 0 1 6.07863412736 2.08040719483 6 0.707106781187 0.707106781187 0.0 0.0 0 0 0 0 0 0
0 0 1 6.04474196768 2.09104864616 7 0.707106781187 0.707106781187 0.0 0.0 0 0 0 0 0 0
0 0 1 6.00426893563 2.0236823724 8 0.707106781187 0.707106781187 0.0 0.0 0 0 0 0 0 0
0 0 1 6.06314600316 2.07973170878 9 0.707106781187 0.707106781187 0.0 0.0 0 0 0 0 0 0
0 0 1 6.08199145216 2.09274939641 10 0.707106781187 0.707106781187 0.0 0.0 0 0 0 0 0 0
0 0 1 6.04553297366 2.02913272632 11 0.707106781187 0.707106781187 0.0 0.0 0 0 0 0 0 0
0 0 1 6.03094658923 2.00858417757 12 0.707106781187 0.707106781187 0.0 0.0 0 0 0 0 0 0
0 0 1 6.03774895427 2.0191141848 13 0.707106781187 0.707106781187 0.0 0.0 0 0 0 0 0 0
0 0 1 6.06704419388 2.08773347968 14 0.707106781187 0.707106781187 0.0 0.0 0 0 0 0 0 0
0 0 1 6.02452533005 0.0216291396887 5 0.707106781187 0.707106781187 0.0 0.0 0 0 0 0 0 0
0 0 1 6.02691447415 0.0343363228525 6 0.707106781187 0.707106781187 0.0 0.0 0 0 0 0 0 0
0 0 1 6.08462055508 0.0468572720566 7 0.707106781187 0.707106781187 0.0 0.0 0 0 0 0 0 0
0 0 1 6.01819892837 0.0728239753989 8 0.707106781187 0.707106781187 0.0 0.0 0 0 0 0 0 0
0 0 1 6.08301927334 0.0637638315006 9 0.707106781187 0.707106781187 0.0 0.0 0 0 0 0 0 0
0 0 1 6.00150179217 0.0826509927046 10 0.707106781187 0.707106781187 0.0 0.0 0 0 0 0 0 0
0 0 1 6.06174196831 0.0670126553142 11 0.707106781187 0.707106781187 0.0 0.0 0 0 0 0 0 0
0 0 1 6.06931492378 0.0387118627802 12 0.707106781187 0.707106781187 0.0 0.0 0 0 0 0 0 0
0 0 1 6.08326980811 0.0759218696269 13 0.707106781187 0.707106781187 0.0 0.0 0 0 0 0 0 0
0 0 1 6.03686166243 0.0276258086193 14 0.707106781187 0.707106781187 0.0 0.0 0 0 0 0 0 0
0 0 1 6.07318928073 -1.9049994269 5 0.707106781187 0.707106781187 0.0 0.0 0 0 0 0 0 0
0 0 1 6.03440393898 -1.9822198225 6 0.707106781187 0.707106781187 0.0 0.0 0 0 0 0 0 0
0 0 1 6.03364644652 -1.95113017852 7 0.707106781187 0.707106781187 0.0 0.0 0 0 0 0 0 0
0 0 1 6.05560308108 -1.91664586453 8 0.707106781187 0.707106781187 0.0 0.0 0 0 0 0 0 0
0 0 1 6.05486307665 -1.90379416798 9 0.707106781187 0.707106781187 0.0 0.0 0 0 0 0 0 0
0 0 1 6.07370483018 -1.99439526683 10 0.707106781187 0.707106781187 0.0 0.0 0 0 0 0 0 0
0 0 1 6.01791279241 -1.91357375093 11 0.707106781187 0.707106781187 0.0 0.0 0 0 0 0 0 0
0 0 1 6.07585498514 -1.90439460421 12 0.707106781187 0.707106781187 0.0 0.0 0 0 0 0 0 0
0 0 1 6.07570542354 -1.92328351341 13 0.707106781187 0.707106781187 0.0 0.0 0 0 0 0 0 0
0 0 1 6.08667140727 -1.9796979715 14 0.707106781187 0.707106781187 0.0 0.0 0 0 0 0 0 0
0 0 1 6.02726465754 -3.97900682853 5 0.707106781187 0.707106781187 0.0 0.0 0 0 0 0 0 0
0 0 1 6.08410393019 -3.9504203955 6 0.707106781187 0.707106781187 0.0 0.0 0 0 0 0 0 0
0 0 1 6.03980822151 -3.90313217217 7 0.707106781187 0.707106781187 0.0 0.0 0 0 0 0 0 0
0 0 1 6.02550861704 -3.91262819294 8 0.707106781187 0.707106781187 0.0 0.0 0 0 0 0 0 0
0 0 1 6.0714958012 -3.98034998748 9 0.707106781187 0.707106781187 0.0 0.0 0 0 0 0 0 0
0 0 1 6.05009831429 -3.94295267411 10 0.707106781187 0.707106781187 0.0 0.0 0 0 0 0 0 0
0 0 1 6.07235085771 -3.98851595127 11 0.707106781187 0.707106781187 0.0 0.0 0 0 0 0 0 0
0 0 1 6.06219803984 -3.97850033287 12 0.707106781187 0.707106781187 0.0 0.0 0 0 0 0 0 0
0 0 1 6.09968505762 -3.95294252796 13 0.707106781187 0.707106781187 0.0 0.0 0 0 0 0 0 0
0 0 1 6.02319771106 -3.94457940515 14 0.707106781187 0.707106781187 0.0 0.0 0 0 0 0 0 0
0 0 1 6.06042702335 -5.9122956014 5 0.707106781187 0.707106781187 0.0 0.0 0 0 0 0 0 0
0 0 1 6.08190216648 -5.9301697075 6 0.707106781187 0.707106781187 0.0 0.0 0 0 0 0 0 0
0 0 1 6.06140951821 -5.93128286368 7 0.707106781187 0.707106781187 0.0 0.0 0 0 0 0 0 0
0 0 1 6.02666912272 -5.91177651823 8 0.707106781187 0.707106781187 0.0 0.0 0 0 0 0 0 0
0 0 1 6.02688222667 -5.94616950679 9 0.707106781187 0.707106781187 0.0 0.0 0 0 0 0 0 0
0 0 1 6.09947764105 -5.93999252399 10 0.707106781187 0.707106781187 0.0 0.0 0 0 0 0 0 0
0 0 1 6.06824807076 -5.96775878199 11 0.707106781187 0.707106781187 0.0 0.0 0 0 0 0 0 0
0 0 1 6.07578979993 -5.96485531548 12 0.707106781187 0.707106781187 0.0 0.0 0 0 0 0 0 0
0 0 1 6.00949701983 -5.93513420678 13 0.707106781187 0.707106781187 0.0 0.0 0 0 0 0 0 0
0 0 1 6.0458034659 -5.98888962079 14 0.707106781187 0.707106781187 0.0 0.0 0 0 0 0 0 0
0 0 1 6.02886835344 -7.91685235839 5 0.707106781187 0.707106781187 0.0 0.0 0 0 0 0 0 0
0 0 1 6.06401623122 -7.96770564896 6 0.707106781187 0.707106781187 0.0 0.0 0 0 0 0 0 0
0 0 1 6.00349780052 -7.99217838369 7 0.707106781187 0.707106781187 0.0 0.0 0 0 0 0 0 0
0 0 1 6.02951892284 -7.97502289124 8 0.707106781187 0.707106781187 0.0 0.0 0 0 0 0 0 0
0 0 1 6.08723008939 -7.97288841872 9 0.707106781187 0.707106781187 0.0 0.0 0 0 0 0 0 0
0 0 1 6.06369093593 -7.95162434915 10 0.707106781187 0.707106781187 0.0 0.0 0 0 0 0 0 0
0 0 1 6.00963193494 -7.98549573368 11 0.707106781187 0.707106781187 0.0 0.0 0 0 0 0 0 0
0 0 1 6.0763769079 -7.91211085957 12 0.707106781187 0.707106781187 0.0 0.0 0 0 0 0 0 0
0 0 1 6.038418644 -7.95571983922 13 0.707106781187 0.707106781187 0.0 0.0 0 0 0 0 0 0
0 0 1 6.03760366798 -7.96587671637 14 0.707106781187 0.707106781187 0.0 0.0 0 0 0 0 0 0
0 0 1 4.02749128961 10.0811520074 5 0.707106781187 0.707106781187 0.0 0.0 0 0 0 0 0 0
0 0 1 4.08296801169 10.0910833394 6 0.707106781187 0.707106781187 0.0 0.0 0 0 0 0 0 0
0 0 1 4.00477286736 10.0484825776 7 0.707106781187 0.707106781187 0.0 0.0 0 0 0 0 0 0
0 0 1 4.02200584259 10.0930675026 8 0.707106781187 0.707106781187 0.0 0.0 0 0 0 0 0 0
0 0 1 4.008247234 10.0965296367 9 0.707106781187 0.707106781187 0.0 0.0 0 0 0 0 0 0
0 0 1 4.06896297018 10.036499306 10 0.707106781187 0.707106781187 0.0 0.0 0 0 0 0 0 0
0 0 1 4.00579958996 10.0258572903 11 0.707106781187 0.707106781187 0.0 0.0 0 0 0 0 0 0
0 0 1 4.05626323094 10.0225250406 12 0.707106781187 0.707106781187 0.0 0.0 0 0 0 0 0 0
0 0 1 4.09367566557 10.0910245697 13 0.707106781187 0.707106781187 0.0 0.0 0 0 0 0 0 0
0 0 1 4.08780078691 10.0234671318 14 0.707106781187 0.707106781187 0.0 0.0 0 0 0 0 0 0
0 0 1 4.04261055814 8.02174743467 5 0.707106781187 0.707106781187 0.0 0.0 0 0 0 0 0 0
0 0 1 4.04093422593 8.06226767964 6 0.707106781187 0.707106781187 0.0 0.0 0 0 0 0 0 0
0 0 1 4.00171230007 8.00240017152 7 0.707106781187 0.707106781187 0.0 0.0 0 0 0 0 0 0
0 0 1 4.00839182462 8.04517227007 8 0.707106781187 0.707106781187 0.0 0.0 0 0 0 0 0 0
0 0 1 4.04816504202 8.02959781027 9 0.707106781187 0.707106781187 0.0 0.0 0 0 0 0 0 0
0 0 1 4.02490321019 8.0790337981 10 0.707106781187 0.707106781187 0.0 0.0 0 0 0 0 0 0
0 0 1 4.03328609715 8.06501828496 11 0.707106781187 0.707106781187 0.0 0.0 0 0 0 0 0 0
0 0 1 4.07781771833 8.04663127036 12 0.707106781187 0.707106781187 0.0 0.0 0 0 0 0 0 0
0 0 1 4.08578819772 8.00464884341 13 0.707106781187 0.707106781187 0.0 0.0 0 0 0 0 0 0
0 0 1 4.06976442056 8.06560914093 14 0.707106781187 0.707106781187 0.0 0.0 0 0 0 0 0 0
0 0 1 4.0169794605 6.09815008975 5 0.707106781187 0.707106781187 0.0 0.0 0 0 0 0 0 0
0 0 1 4.03270594019 6.02909617484 6 0.707106781187 0.707106781187 0.0 0.0 0 0 0 0 0 0
0 0 1 4.02862341061 6.0748114712 7 0.707106781187 0.707106781187 0.0 0.0 0 0 0 0 0 0
0 0 1 4.02870000264 6.08523413926 8 0.707106781187 0.707106781187 0.0 0.0 0 0 0 0 0 0
0 0 1 4.0786848618 6.03321545823 9 0.707106781187 0.707106781187 0.0 0.0 0 0 0 0 0 0
0 0 1 4.02978614332 6.07614428176 10 0.707106781187 0.707106781187 0.0 0.0 0 0 0 0 0 0
0 0 1 4.06514192864 6.02058394276 11 0.707106781187 0.707106781187 0.0 0.0 0 0 0 0 0 0
0 0 1 4.03766833751 6.09067168451 12 0.707106781187 0.707106781187 0.0 0.0 0 0 0 0 0 0
0 0 1 4.03556438941 6.02858955518 13 0.707106781187 0.707106781187 0.0 0.0 0 0 0 0 0 0
0 0 1 4.03195167948 6.05658117648 14 0.707106781187 0.707106781187 0.0 0.0 0 0 0 0 0 0
0 0 1 4.05382109009 4.02758532415 5 0.707106781187 0.707106781187 0.0 0.0 0 0 0 0 0 0
0 0 1 4.03017760296 4.01766721343 6 0.707106781187 0.707106781187 0.0 0.0 0 0 0 0 0 0
0 0 1 4.03291106229 4.08488164391 7 0.707106781187 0.707106781187 0.0 0.0 0 0 0 0 0 0
0 0 1 4.09425533287 4.07576221876 8 0.707106781187 0.707106781187 0.0 0.0 0 0 0 0 0 0
0 0 1 4.01866260076 4.07711449651 9 0.707106781187 0.707106781187 0.0 0.0 0 0 0 0 0 0
0 0 1 4.05029188133 4.06819838711 10 0.707106781187 0.707106781187 0.0 0.0 0 0 0 0 0 0
0 0 1 4.09934301217 4.00996424158 11 0.707106781187 0.707106781187 0.0 0.0 0 0 0 0 0 0
0 0 1 4.00184002087 4.09159234559 12 0.707106781187 0.707106781187 0.0 0.0 0 0 0 0 0 0
0 0 1 4.0334936402 4.06890240201 13 0.707106781187 0.707106781187 0.0 0.0 0 0 0 0 0 0
0 0 1 4.08416220925 4.05247784291 14 0.707106781187 0.707106781187 0.0 0.0 0 0 0 0 0 0
0 0 1 4.0624921447 2.08994134533 5 0.707106781187 0.707106781187 0.0 0.0 0 0 0 0 0 0
0 0 1 4.01964599482 2.09132583195 6 0.707106781187 0.707106781187 0.0 0.0 0 0 0 0 0 0
0 0 1 4.01200573945 2.03317044601 7 0.707106781187 0.707106781187 0.0 0.0 0 0 0 0 0 0
0 0 1 4.0618236869 2.09567639317 8 0.707106781187 0.707106781187 0.0 0.0 0 0 0 0 0 0
0 0 1 4.02797951347 2.03354610769 9 0.707106781187 0.707106781187 0.0 0.0 0 0 0 0 0 0
0 0 1 4.05484036948 2.09279586981 10 0.707106781187 0.707106781187 0.0 0.0 0 0 0 0 0 0
0 0 1 4.05594562316 2.05832027415 11 0.707106781187 0.707106781187 0.0 0.0 0 0 0 0 0 0
0 0 1 4.00932662141 2.07908622125 12 0.707106781187 0.707106781187 0.0 0.0 0 0 0 0 0 0
0 0 1 4.05622719353 2.06439763258 13 0.707106781187 0.707106781187 0.0 0.0 0 0 0 0 0 0
0 0 1 4.07584056948 2.07305401865 14 0.707106781187 0.707106781187 0.0 0.0 0 0 0 0 0 0
0 0 1 4.04810571731 0.0129746413211 5 0.707106781187 0.707106781187 0.0 0.0 0 0 0 0 0 0
0 0 1 4.06964618905 0.0745465450302 6 0.707106781187 0.707106781187 0.0 0.0 0 0 0 0 0 0
0 0 1 4.00951473992 0.0835654002105 7 0.707106781187 0.707106781187 0.0 0.0 0 0 0 0 0 0
0 0 1 4.09694247242 0.00567512843852 8 0.707106781187 0.707106781187 0.0 0.0 0 0 0 0 0 0
0 0 1 4.04120475058 0.0967422700186 9 0.707106781187 0.707106781187 0.0 0.0 0 0 0 0 0 0
0 0 1 4.07659939092 0.0850775196142 10 0.707106781187 0.707106781187 0.0 0.0 0 0 0 0 0 0
0 0 1 4.00150549021 0.0743458238062 11 0.707106781187 0.707106781187 0.0 0.0 0 0 0 0 0 0
0 0 1 4.05271776947 0.0650876402639 12 0.707106781187 0.707106781187 0.0 0.0 0 0 0 0 0 0
0 0 1 4.02626527077 0.095524356206 13 0.707106781187 0.707106781187 0.0 0.0 0 0 0 0 0 0
0 0 1 4.01024374649 0.0212456599096 14 0.707106781187 0.707106781187 0.0 0.0 0 0 0 0 0 0
0 0 1 4.01305132791 -1.90449804199 5 0.707106781187 0.707106781187 0.0 0.0 0 0 0 0 0 0
0 0 1 4.00036320547 -1.92153071683 6 0.707106781187 0.707106781187 0.0 0.0 0 0 0 0 0 0
0 0 1 4.03889269489 -1.95692344969 7 0.707106781187 0.707106781187 0.0 0.0 0 0 0 0 0 0
0 0 1 4.03099832501 -1.98023416096 8 0.707106781187 0.707106781187 0.0 0.0 0 0 0 0 0 0
0 0 1 4.05989556016 -1.99811361847 9 0.707106781187 0.707106781187 0.0 0.0 0 0 0 0 0 0
0 0 1 4.09705577359 -1.90028459476 10 0.707106781187 0.707106781187 0.0 0.0 0 0 0 0 0 0
0 0 1 4.06213321566 -1.90133007202 11 0.707106781187 0.707106781187 0.0 0.0 0 0 0 0 0 0
0 0 1 4.00319592832 -1.91855386276 12 0.707106781187 0.707106781187 0.0 0.0 0 0 0 0 0 0
0 0 1 4.04217692075 -1.98125639357 13 0.707106781187 0.707106781187 0.0 0.0 0 0 0 0 0 0
0 0 1 4.01037512048 -1.93543228837 14 0.707106781187 0.707106781187 0.0 0.0 0 0 0 0 0 0
0 0 1 4.01905276387 -3.90162140568 5 0.707106781187 0.707106781187 0.0 0.0 0 0 0 0 0 0
0 0 1 4.09965936731 -3.99205039713 6 0.707106781187 0.707106781187 0.0 0.0 0 0 0 0 0 0
0 0 1 4.00214503118 -3.92486396254 7 0.707106781187 0.707106781187 0.0 0.0 0 0 0 0 0 0
0 0 1 4.01745519102 -3.94445058413 8 0.707106781187 0.707106781187 0.0 0.0 0 0 0 0 0 0
0 0 1 4.04724404468 -3.9565931694 9 0.707106781187 0.707106781187 0.0 0.0 0 0 0 0 0 0
0 0 1 4.07980121022 -3.92839557283 10 0.707106781187 0.707106781187 0.0 0.0 0 0 0 0 0 0
0 0 1 4.00251431941 -3.94109648283 11 0.707106781187 0.707106781187 0.0 0.0 0 0 0 0 0 0
0 0 1 4.09175324716 -3.96094266597 12 0.707106781187 0.707106781187 0.0 0.0 0 0 0 0 0 0
0 0 1 4.03209187677 -3.91458790568 13 0.707106781187 0.707106781187 0.0 0.0 0 0 0 0 0 0
0 0 1 4.07471095335 -3.97643384391 14 0.707106781187 0.707106781187 0.0 0.0 0 0 0 0 0 0
0 0 1 4.08273188782 -5.91697467721 5 0.707106781187 0.707106781187 0.0 0.0 0 0 0 0 0 0
0 0 1 4.07300032034 -5.91698733805 6 0.707106781187 0.707106781187 0.0 0.0 0 0 0 0 0 0
0 0 1 4.04337832158 -5.92891337763 7 0.707106781187 0.707106781187 0.0 0.0 0 0 0 0 0 0
0 0 1 4.04801931422 -5.90269842343 8 0.707106781187 0.707106781187 0.0 0.0 0 0 0 0 0 0
0 0 1 4.00806801831 -5.97033683615 9 0.707106781187 0.707106781187 0.0 0.0 0 0 0 0 0 0
0 0 1 4.08937776008 -5.92883999434 10 0.707106781187 0.707106781187 0.0 0.0 0 0 0 0 0 0
0 0 1 4.02549930107 -5.99771318862 11 0.707106781187 0.707106781187 0.0 0.0 0 0 0 0 0 0
0 0 1 4.0968466348 -5.94024361203 12 0.707106781187 0.707106781187 0.0 0.0 0 0 0 0 0 0
0 0 1 4.04151675571 -5.96167224995 13 0.707106781187 0.707106781187 0.0 0.0 0 0 0 0 0 0
0 0 1 4.02797816619 -5.95788921008 14 0.707106781187 0.707106781187 0.0 0.0 0 0 0 0 0 0
0 0 1 4.02860777697 -7.97524907046 5 0.707106781187 0.707106781187 0.0 0.0 0 0 0 0 0 0
0 0 1 4.01739882383 -7.92634501126 6 0.707106781187 0.707106781187 0.0 0.0 0 0 0 0 0 0
0 0 1 4.07740163394 -7.94950075723 7 0.707106781187 0.707106781187 0.0 0.0 0 0 0 0 0 0
0 0 1 4.05787520704 -7.90458542468 8 0.707106781187 0.707106781187 0.0 0.0 0 0 0 0 0 0
0 0 1 4.06619061824 -7.90518352209 9 0.707106781187 0.707106781187 0.0 0.0 0 0 0 0 0 0
0 0 1 4.07443681581 -7.92425656379 10 0.707106781187 0.707106781187 0.0 0.0 0 0 0 0 0 0
0 0 1 4.04177632415 -7.93360426553 11 0.707106781187 0.707106781187 0.0 0.0 0 0 0 0 0 0
0 0 1 4.04514508833 -7.90488167203 12 0.707106781187 0.707106781187 0.0 0.0 0 0 0 0 0 0
0 0 1 4.08530898499 -7.93996685408 13 0.707106781187 0.707106781187 0.0 0.0 0 0 0 0 0 0
0 0 1 4.0635414434 -7.95809381266 14 0.707106781187 0.707106781187 0.0 0.0 0 0 0 0 0 0
0 0 1 2.00048138031 10.0085145906 5 0.707106781187 0.707106781187 0.0 0.0 0 0 0 0 0 0
0 0 1 2.05571003032 10.0193175477 6 0.707106781187 0.707106781187 0.0 0.0 0 0 0 0 0 0
0 0 1 2.09544359188 10.0960974817 7 0.707106781187 0.707106781187 0.0 0.0 0 0 0 0 0 0
0 0 1 2.06930195434 10.0751648813 8 0.707106781187 0.707106781187 0.0 0.0 0 0 0 0 0 0
0 0 1 2.00109494797 10.0916159581 9 0.707106781187 0.707106781187 0.0 0.0 0 0 0 0 0 0
0 0 1 2.04848950093 10.0271813354 10 0.707106781187 0.707106781187 0.0 0.0 0 0 0 0 0 0
0 0 1 2.0218868667 10.0304616008 11 0.707106781187 0.707106781187 0.0 0.0 0 0 0 0 0 0
0 0 1 2.02093152313 10.0759735874 12 0.707106781187 0.707106781187 0.0 0.0 0 0 0 0 0 0
0 0 1 2.06325632017 10.0018760457 13 0.707106781187 0.707106781187 0.0 0.0 0 0 0 0 0 0
0 0 1 2.00109739103 10.0387595399 14 0.707106781187 0.707106781187 0.0 0.0 0 0 0 0 0 0
0 0 1 2.07484475013 8.03465691306 5 0.707106781187 0.707106781187 0.0 0.0 0 0 0 0 0 0
0 0 1 2.0482442223 8.07311413965 6 0.707106781187 0.707106781187 0.0 0.0 0 0 0 0 0 0
0 0 1 2.01082294175 8.05417293083 7 0.707106781187 0.707106781187 0.0 0.0 0 0 0 0 0 0
0 0 1 2.06753094103 8.09047535753 8 0.707106781187 0.707106781187 0.0 0.0 0 0 0 0 0 0
0 0 1 2.04698895404 8.07768307453 9 0.707106781187 0.707106781187 0.0 0.0 0 0 0 0 0 0
0 0 1 2.09774053989 8.02976092781 10 0.707106781187 0.707106781187 0.0 0.0 0 0 0 0 0 0
0 0 1 2.03395469184 8.05567254179 11 0.707106781187 0.707106781187 0.0 0.0 0 0 0 0 0 0
0 0 1 2.01231295042 8.08156690357 12 0.707106781187 0.707106781187 0.0 0.0 0 0 0 0 0 0
0 0 1 2.0725206461 8.02741697864 13 0.707106781187 0.707106781187 0.0 0.0 0 0 0 0 0 0
0 0 1 2.01926063598 8.0304451658 14 0.707106781187 0.707106781187 0.0 0.0 0 0 0 0 0 0
0 0 1 2.02583775169 6.09755255285 5 0.707106781187 0.707106781187 0.0 0.0 0 0 0 0 0 0
0 0 1 2.05336701971 6.07608635483 6 0.707106781187 0.707106781187 0.0 0.0 0 0 0 0 0 0
0 0 1 2.09431934953 6.06593045194 7 0.707106781187 0.707106781187 0.0 0.0 0 0 0 0 0 0
0 0 1 2.03719926629 6.04667522955 8 0.707106781187 0.707106781187 0.0 0.0 0 0 0 0 0 0
0 0 1 2.01494743021 6.0824856119 9 0.707106781187 0.707106781187 0.0 0.0 0 0 0 0 0 0
0 0 1 2.02774523613 6.09842448851 10 0.707106781187 0.707106781187 0.0 0.0 0 0 0 0 0 0
0 0 1 2.00515753861 6.00690683792 11 0.707106781187 0.707106781187 0.0 0.0 0 0 0 0 0 0
0 0 1 2.08504488761 6.09880083936 12 0.707106781187 0.707106781187 0.0 0.0 0 0 0 0 0 0
0 0 1 2.08564498987 6.0369399262 13 0.707106781187 0.707106781187 0.0 0.0 0 0 0 0 0 0
0 0 1 2.08624324493 6.04743940104 14 0.707106781187 0.707106781187 0.0 0.0 0 0 0 0 0 0
0 0 1 2.03821894087 4.06644476004 5 0.707106781187 0.707106781187 0.0 0.0 0 0 0 0 0 0
0 0 1 2.0229065151 4.00674922054 6 0.707106781187 0.707106781187 0.0 0.0 0 0 0 0 0 0
0 0 1 2.03939764294 4.09799093431 7 0.707106781187 0.707106781187 0.0 0.0 0 0 0 0 0 0
0 0 1 2.05503323955 4.04994073943 8 0.707106781187 0.707106781187 0.0 0.0 0 0 0 0 0 0
0 0 1 2.08425665574 4.05743605637 9 0.707106781187 0.707106781187 0.0 0.0 0 0 0 0 0 0
0 0 1 2.07872168558 4.04982835133 10 0.707106781187 0.707106781187 0.0 0.0 0 0 0 0 0 0
0 0 1 2.05289140803 4.08120280426 11 0.707106781187 0.707106781187 0.0 0.0 0 0 0 0 0 0
0 0 1 2.06522899436 4.0232935224 12 0.707106781187 0.707106781187 0.0 0.0 0 0 0 0 0 0
0 0 1 2.02902841806 4.06769229105 13 0.707106781187 0.707106781187 0.0 0.0 0 0 0 0 0 0
0 0 1 2.05390551827 4.06050660421 14 0.707106781187 0.707106781187 0.0 0.0 0 0 0 0 0 0
0 0 1 2.01040906887 2.02112252287 5 0.707106781187 0.707106781187 0.0 0.0 0 0 0 0 0 0
0 0 1 2.0914214528 2.09549298142 6 0.707106781187 0.707106781187 0.0 0.0 0 0 0 0 0 0
0 0 1 2.07147427885 2.00046608004 7 0.707106781187 0.707106781187 0.0 0.0 0 0 0 0 0 0
0 0 1 2.08474506576 2.0998264499 8 0.707106781187 0.707106781187 0.0 0.0 0 0 0 0 0 0
0 0 1 2.0881176594 2.05021380599 9 0.707106781187 0.707106781187 0.0 0.0 0 0 0 0 0 0
0 0 1 2.08865971677 2.04703293047 10 0.707106781187 0.707106781187 0.0 0.0 0 0 0 0 0 0
0 0 1 2.07084667169 2.05491576269 11 0.707106781187 0.707106781187 0.0 0.0 0 0 0 0 0 0
0 0 1 2.01429501453 2.09792266759 12 0.707106781187 0.707106781187 0.0 0.0 0 0 0 0 0 0
0 0 1 2.06049472642 2.0162218043 13 0.707106781187 0.707106781187 0.0 0.0 0 0 0 0 0 0
0 0 1 2.06815470475 2.08984111115 14 0.707106781187 0.707106781187 0.0 0.0 0 0 0 0 0 0
0 0 1 2.04072980515 0.0803461322965 5 0.707106781187 0.707106781187 0.0 0.0 0 0 0 0 0 0
0 0 1 2.07295648795 0.0321778312315 6 0.707106781187 0.707106781187 0.0 0.0 0 0 0 0 0 0
0 0 1 2.06497481371 0.0544500459501 7 0.707106781187 0.707106781187 0.0 0.0 0 0 0 0 0 0
0 0 1 2.04875888276 0.0446468527347 8 0.707106781187 0.707106781187 0.0 0.0 0 0 0 0 0 0
0 0 1 2.00231830277 0.00914176053213 9 0.707106781187 0.707106781187 0.0 0.0 0 0 0 0 0 0
0 0 1 2.08253739048 0.0397895321534 10 0.707106781187 0.707106781187 0.0 0.0 0 0 0 0 0 0
0 0 1 2.01110357706 0.0803776602038 11 0.707106781187 0.707106781187 0.0 0.0 0 0 0 0 0 0
0 0 1 2.0677605786 0.0640112386906 12 0.707106781187 0.707106781187 0.0 0.0 0 0 0 0 0 0
0 0 1 2.02465462391 0.0919576568519 13 0.707106781187 0.707106781187 0.0 0.0 0 0 0 0 0 0
0 0 1 2.04229319048 0.0980113025771 14 0.707106781187 0.707106781187 0.0 0.0 0 0 0 0 0 0
0 0 1 2.06584736757 -1.96251236341 5 0.707106781187 0.707106781187 0.0 0.0 0 0 0 0 0 0
0 0 1 2.00678879592 -1.90751422718 6 0.707106781187 0.707106781187 0.0 0.0 0 0 0 0 0 0
0 0 1 2.01255399421 -1.99675553966 7 0.707106781187 0.707106781187 0.0 0.0 0 0 0 0 0 0
0 0 1 2.08771660815 -1.99103077347 8 0.707106781187 0.707106781187 0.0 0.0 0 0 0 0 0 0
0 0 1 2.08439189813 -1.93005033843 9 0.707106781187 0.707106781187 0.0 0.0 0 0 0 0 0 0
0 0 1 2.00352932734 -1.97192271695 10 0.707106781187 0.707106781187 0.0 0.0 0 0 0 0 0 0
0 0 1 2.02649647231 -1.9439150962 11 0.707106781187 0.707106781187 0.0 0.0 0 0 0 0 0 0
0 0 1 2.09479640416 -1.94388936576 12 0.707106781187 0.707106781187 0.0 0.0 0 0 0 0 0 0
0 0 1 2.00373215179 -1.94459916803 13 0.707106781187 0.707106781187 0.0 0.0 0 0 0 0 0 0
0 0 1 2.00905258057 -1.92032276251 14 0.707106781187 0.707106781187 0.0 0.0 0 0 0 0 0 0
0 0 1 2.09080013881 -3.93489954276 5 0.707106781187 0.707106781187 0.0 0.0 0 0 0 0 0 0
0 0 1 2.09637071767 -3.96659518375 6 0.707106781187 0.707106781187 0.0 0.0 0 0 0 0 0 0
0 0 1 2.01249279405 -3.96863503369 7 0.707106781187 0.707106781187 0.0 0.0 0 0 0 0 0 0
0 0 1 2.0190336171 -3.94667452653 8 0.707106781187 0.707106781187 0.0 0.0 0 0 0 0 0 0
0 0 1 2.02009627411 -3.95897568662 9 0.707106781187 0.707106781187 0.0 0.0 0 0 0 0 0 0
0 0 1 2.08786785778 -3.95967327543 10 0.707106781187 0.707106781187 0.0 0.0 0 0 0 0 0 0
0 0 1 2.00970246657 -3.93824131602 11 0.707106781187 0.707106781187 0.0 0.0 0 0 0 0 0 0
0 0 1 2.0450405959 -3.98676585541 12 0.707106781187 0.707106781187 0.0 0.0 0 0 0 0 0 0
0 0 1 2.07459462803 -3.92097400131 13 0.707106781187 0.707106781187 0.0 0.0 0 0 0 0 0 0
0 0 1 2.0127765409 -3.98083706019 14 0.707106781187 0.707106781187 0.0 0.0 0 0 0 0 0 0
0 0 1 2.09476943563 -5.92673235364 5 0.707106781187 0.707106781187 0.0 0.0 0 0 0 0 0 0
0 0 1 2.07401746656 -5.93629918445 6 0.707106781187 0.707106781187 0.0 0.0 0 0 0 0 0 0
0 0 1 2.09843309154 -5.90247586503 7 0.707106781187 0.707106781187 0.0 0.0 0 0 0 0 0 0
0 0 1 2.02957925041 -5.93706213886 8 0.707106781187 0.707106781187 0.0 0.0 0 0 0 0 0 0
0 0 1 2.0340433265 -5.9699401163 9 0.707106781187 0.707106781187 0.0 0.0 0 0 0 0 0 0
0 0 1 2.07564199532 -5.96076243357 10 0.707106781187 0.707106781187 0.0 0.0 0 0 0 0 0 0
0 0 1 2.02742116614 -5.90713868382 11 0.707106781187 0.707106781187 0.0 0.0 0 0 0 0 0 0
0 0 1 2.00516437486 -5.98061629321 12 0.707106781187 0.707106781187 0.0 0.0 0 0 0 0 0 0
0 0 1 2.05358627867 -5.98725697539 13 0.707106781187 0.707106781187 0.0 0.0 0 0 0 0 0 0
0 0 1 2.02536871688 -5.9808938212 14 0.707106781187 0.707106781187 0.0 0.0 0 0 0 0 0 0
0 0 1 2.08520953689 -7.9676427126 5 0.707106781187 0.707106781187 0.0 0.0 0 0 0 0 0 0
0 0 1 2.04980377273 -7.91661778469 6 0.707106781187 0.707106781187 0.0 0.0 0 0 0 0 0 0
0 0 1 2.01989203431 -7.9969604716 7 0.707106781187 0.707106781187 0.0 0.0 0 0 0 0 0 0
0 0 1 2.04598279923 -7.97966133434 8 0.707106781187 0.707106781187 0.0 0.0 0 0 0 0 0 0
0 0 1 2.0595038019 -7.94993843924 9 0.707106781187 0.707106781187 0.0 0.0 0 0 0 0 0 0
0 0 1 2.05326383059 -7.9070997681 10 0.707106781187 0.707106781187 0.0 0.0 0 0 0 0 0 0
0 0 1 2.03837912311 -7.91594857009 11 0.707106781187 0.707106781187 0.0 0.0 0 0 0 0 0 0
0 0 1 2.00156713258 -7.95445054562 12 0.707106781187 0.707106781187 0.0 0.0 0 0 0 0 0 0
0 0 1 2.09621212557 -7.91539847826 13 0.707106781187 0.707106781187 0.0 0.0 0 0 0 0 0 0
0 0 1 2.03589093965 -7.97784012323 14 0.707106781187 0.707106781187 0.0 0.0 0 0 0 0 0 0
0 0 1 0.0234829879161 10.0069462845 5 0.707106781187 0.707106781187 0.0 0.0 0 0 0 0 0 0
0 0 1 0.0511618689229 10.060554511 6 0.707106781187 0.707106781187 0.0 0.0 0 0 0 0 0 0
0 0 1 0.0260411579995 10.058800082 7 0.707106781187 0.707106781187 0.0 0.0 0 0 0 0 0 0
0 0 1 0.0929467376414 10.0021472096 8 0.707106781187 0.707106781187 0.0 0.0 0 0 0 0 0 0
0 0 1 0.0805824491254 10.0374064866 9 0.707106781187 0.707106781187 0.0 0.0 0 0 0 0 0 0
0 0 1 0.0233529169168 10.0560517028 10 0.707106781187 0.707106781187 0.0 0.0 0 0 0 0 0 0
0 0 1 0.0525865019941 10.0852823644 11 0.707106781187 0.707106781187 0.0 0.0 0 0 0 0 0 0
0 0 1 0.0972778677627 10.0682382726 12 0.707106781187 0.707106781187 0.0 0.0 0 0 0 0 0 0
0 0 1 0.0147580589114 10.0805570639 13 0.707106781187 0.707106781187 0.0 0.0 0 0 0 0 0 0
0 0 1 0.0367661550713 10.0999038689 14 0.707106781187 0.707106781187 0.0 0.0 0 0 0 0 0 0
0 0 1 0.0488890366972 8.0574749733 5 0.707106781187 0.707106781187 0.0 0.0 0 0 0 0 0 0
0 0 1 0.0415904109608 8.06779720077 6 0.707106781187 0.707106781187 0.0 0.0 0 0 0 0 0 0
0 0 1 0.0173397542305 8.00645957387 7 0.707106781187 0.707106781187 0.0 0.0 0 0 0 0 0 0
0 0 1 0.0307771704819 8.04704336134 8 0.707106781187 0.707106781187 0.0 0.0 0 0 0 0 0 0
0 0 1 0.0426465872081 8.05166398258 9 0.707106781187 0.707106781187 0.0 0.0 0 0 0 0 0 0
0 0 1 0.0572544855154 8.08488811282 10 0.707106781187 0.707106781187 0.0 0.0 0 0 0 0 0 0
0 0 1 0.0143686355685 8.00159254706 11 0.707106781187 0.707106781187 0.0 0.0 0 0 0 0 0 0
0 0 1 0.0901465639021 8.06006297909 12 0.707106781187 0.707106781187 0.0 0.0 0 0 0 0 0 0
0 0 1 0.0230141263013 8.00125957888 13 0.707106781187 0.707106781187 0.0 0.0 0 0 0 0 0 0
0 0 1 0.0220724627511 8.08709219786 14 0.707106781187 0.707106781187 0.0 0.0 0 0 0 0 0 0
0 0 1 0.0805197277974 6.0811685696 5 0.707106781187 0.707106781187 0.0 0.0 0 0 0 0 0 0
0 0 1 0.0772929328812 6.00994520557 6 0.707106781187 0.707106781187 0.0 0.0 0 0 0 0 0 0
0 0 1 0.0738295841213 6.0293280584 7 0.707106781187 0.707106781187 0.0 0.0 0 0 0 0 0 0
0 0 1 0.0862191845863 6.03949881284 8 0.707106781187 0.707106781187 0.0 0.0 0 0 0 0 0 0
0 0 1 0.0489249289432 6.06170938222 9 0.707106781187 0.707106781187 0.0 0.0 0 0 0 0 0 0
0 0 1 0.00327991910639 6.01219046242 10 0.707106781187 0.707106781187 0.0 0.0 0 0 0 0 0 0
0 0 1 0.00868442375105 6.02193286445 11 0.707106781187 0.707106781187 0.0 0.0 0 0 0 0 0 0
0 0 1 0.0595801059614 6.03310388639 12 0.707106781187 0.707106781187 0.0 0.0 0 0 0 0 0 0
0 0 1 0.081801374859 6.01911528526 13 0.707106781187 0.707106781187 0.0 0.0 0 0 0 0 0 0
0 0 1 0.0265432804199 6.01351977039 14 0.707106781187 0.707106781187 0.0 0.0 0 0 0 0 0 0
0 0 1 0.0319686675002 4.03256228564 5 0.707106781187 0.707106781187 0.0 0.0 0 0 0 0 0 0
0 0 1 0.0656607151285 4.01378861009 6 0.707106781187 0.707106781187 0.0 0.0 0 0 0 0 0 0
0 0 1 0.0648431979547 4.08119328429 7 0.707106781187 0.707106781187 0.0 0.0 0 0 0 0 0 0
0 0 1 0.042838344562 4.01546077585 8 0.707106781187 0.707106781187 0.0 0.0 0 0 0 0 0 0
0 0 1 0.0349795828865 4.09654055594 9 0.707106781187 0.707106781187 0.0 0.0 0 0 0 0 0 0
0 0 1 0.0826731092058 4.09668103545 10 0.707106781187 0.707106781187 0.0 0.0 0 0 0 0 0 0
0 0 1 0.0719836634573 4.09650477816 11 0.707106781187 0.707106781187 0.0 0.0 0 0 0 0 0 0
0 0 1 0.0327177068158 4.071249065 12 0.707106781187 0.707106781187 0.0 0.0 0 0 0 0 0 0
0 0 1 0.0185101453919 4.08573760439 13 0.707106781187 0.707106781187 0.0 0.0 0 0 0 0 0 0
0 0 1 0.0665778933542 4.0608825865 14 0.707106781187 0.707106781187 0.0 0.0 0 0 0 0 0 0
0 0 1 0.0125977426266 2.08399841014 5 0.707106781187 0.707106781187 0.0 0.0 0 0 0 0 0 0
0 0 1 0.0443957150222 2.01834369688 6 0.707106781187 0.707106781187 0.0 0.0 0 0 0 0 0 0
0 0 1 0.0794098070035 2.08307485052 7 0.707106781187 0.707106781187 0.0 0.0 0 0 0 0 0 0
0 0 1 0.0975444787579 2.05227237204 8 0.707106781187 0.707106781187 0.0 0.0 0 0 0 0 0 0
0 0 1 0.0815662379556 2.04303044261 9 0.707106781187 0.707106781187 0.0 0.0 0 0 0 0 0 0
0 0 1 0.0963706244341 2.01787878321 10 0.707106781187 0.707106781187 0.0 0.0 0 0 0 0 0 0
0 0 1 0.0121941320161 2.00840440338 11 0.707106781187 0.707106781187 0.0 0.0 0 0 0 0 0 0
0 0 1 0.0341275874811 2.01600590931 12 0.707106781187 0.707106781187 0.0 0.0 0 0 0 0 0 0
0 0 1 0.0577092121599 2.01884509242 13 0.707106781187 0.707106781187 0.0 0.0 0 0 0 0 0 0
0 0 1 0.0739791406598 2.0574129966 14 0.707106781187 0.707106781187 0.0 0.0 0 0 0 0 0 0
0 0 1 0.0251016589982 0.0678512541286 5 0.707106781187 0.707106781187 0.0 0.0 0 0 0 0 0 0
0 0 1 0.09074837493 0.0895187901426 6 0.707106781187 0.707106781187 0.0 0.0 0 0 0 0 0 0
0 0 1 0.0565208140262 0.00487149845887 7 0.707106781187 0.707106781187 0.0 0.0 0 0 0 0 0 0
0 0 1 0.0607935249083 0.0158015242166 8 0.707106781187 0.707106781187 0.0 0.0 0 0 0 0 0 0
0 0 1 0.0620385056367 0.0767926308232 9 0.707106781187 0.707106781187 0.0 0.0 0 0 0 0 0 0
0 0 1 0.00757200280894 0.0748045433719 10 0.707106781187 0.707106781187 0.0 0.0 0 0 0 0 0 0
0 0 1 0.000223310566984 0.0704275803334 11 0.707106781187 0.707106781187 0.0 0.0 0 0 0 0 0 0
0 0 1 0.0798305636996 0.0920666844129 12 0.707106781187 0.707106781187 0.0 0.0 0 0 0 0 0 0
0 0 1 0.0447901300895 0.0917706001071 13 0.707106781187 0.707106781187 0.0 0.0 0 0 0 0 0 0
0 0 1 0.0902207546787 0.0504990103412 14 0.707106781187 0.707106781187 0.0 0.0 0 0 0 0 0 0
0 0 1 0.0203075980296 -1.9884422808 5 0.707106781187 0.707106781187 0.0 0.0 0 0 0 0 0 0
0 0 1 0.0247355561789 -1.98654620821 6 0.707106781187 0.707106781187 0.0 0.0 0 0 0 0 0 0
0 0 1 0.00541070556046 -1.91954895862 7 0.707106781187 0.707106781187 0.0 0.0 0 0 0 0 0 0
0 0 1 0.066808582041 -1.94341705509 8 0.707106781187 0.707106781187 0.0 0.0 0 0 0 0 0 0
0 0 1 0.0812299816107 -1.90724607323 9 0.707106781187 0.707106781187 0.0 0.0 0 0 0 0 0 0
0 0 1 0.0939785966195 -1.98062762987 10 0.707106781187 0.707106781187 0.0 0.0 0 0 0 0 0 0
0 0 1 0.0432923560195 -1.92401787087 11 0.707106781187 0.707106781187 0.0 0.0 0 0 0 0 0 0
0 0 1 5.41835958723e-05 -1.99576213113 12 0.707106781187 0.707106781187 0.0 0.0 0 0 0 0 0 0
0 0 1 0.0222330336739 -1.9688780172 13 0.707106781187 0.707106781187 0.0 0.0 0 0 0 0 0 0
0 0 1 0.0143289694834 -1.90439783101 14 0.707106781187 0.707106781187 0.0 0.0 0 0 0 0 0 0
0 0 1 0.0752279263328 -3.96698439842 5 0.707106781187 0.707106781187 0.0 0.0 0 0 0 0 0 0
0 0 1 0.0584362191134 -3.958297827 6 0.707106781187 0.707106781187 0.0 0.0 0 0 0 0 0 0
0 0 1 0.0722517235514 -3.92611419016 7 0.707106781187 0.707106781187 0.0 0.0 0 0 0 0 0 0
0 0 1 0.0390343053549 -3.9267630263 8 0.707106781187 0.707106781187 0.0 0.0 0 0 0 0 0 0
0 0 1 0.0568260897736 -3.92919748008 9 0.707106781187 0.707106781187 0.0 0.0 0 0 0 0 0 0
0 0 1 0.0980538956943 -3.96667836392 10 0.707106781187 0.707106781187 0.0 0.0 0 0 0 0 0 0
0 0 1 0.0502527337172 -3.90154651384 11 0.707106781187 0.707106781187 0.0 0.0 0 0 0 0 0 0
0 0 1 0.0655519561817 -3.91467202863 12 0.707106781187 0.707106781187 0.0 0.0 0 0 0 0 0 0
0 0 1 0.0525702147286 -3.98736610851 13 0.707106781187 0.707106781187 0.0 0.0 0 0 0 0 0 0
0 0 1 0.0560198587513 -3.93058730841 14 0.707106781187 0.707106781187 0.0 0.0 0 0 0 0 0 0
0 0 1 0.0507018550069 -5.99504078191 5 0.707106781187 0.707106781187 0.0 0.0 0 0 0 0 0 0
0 0 1 0.0732860199274 -5.98134542615 6 0.707106781187 0.707106781187 0.0 0.0 0 0 0 0 0 0
0 0 1 0.0648363546461 -5.95739192389 7 0.707106781187 0.707106781187 0.0 0.0 0 0 0 0 0 0
0 0 1 0.0498618902647 -5.97644445897 8 0.707106781187 0.707106781187 0.0 0.0 0 0 0 0 0 0
0 0 1 0.0184796693252 -5.97147224582 9 0.707106781187 0.707106781187 0.0 0.0 0 0 0 0 0 0
0 0 1 0.0960966939667 -5.93831269437 10 0.707106781187 0.707106781187 0.0 0.0 0 0 0 0 0 0
0 0 1 0.0597217889542 -5.97408773496 11 0.707106781187 0.707106781187 0.0 0.0 0 0 0 0 0 0
0 0 1 0.0728691735398 -5.90772156944 12 0.707106781187 0.707106781187 0.0 0.0 0 0 0 0 0 0
0 0 1 0.0562771895238 -5.99264043902 13 0.707106781187 0.707106781187 0.0 0.0 0 0 0 0 0 0
0 0 1 0.0455777597436 -5.97217644505 14 0.707106781187 0.707106781187 0.0 0.0 0 0 0 0 0 0
0 0 1 0.00964338907499 -7.95881630527 5 0.707106781187 0.707106781187 0.0 0.0 0 0 0 0 0 0
0 0 1 0.0988690153048 -7.97760477545 6 0.707106781187 0.707106781187 0.0 0.0 0 0 0 0 0 0
0 0 1 0.019990043747 -7.97930724735 7 0.707106781187 0.707106781187 0.0 0.0 0 0 0 0 0 0
0 0 1 0.0576138968125 -7.92486148625 8 0.707106781187 0.707106781187 0.0 0.0 0 0 0 0 0 0
0 0 1 0.00783855913941 -7.92274752455 9 0.707106781187 0.707106781187 0.0 0.0 0 0 0 0 0 0
0 0 1 0.0517732818993 -7.91451873984 10 0.707106781187 0.707106781187 0.0 0.0 0 0 0 0 0 0
0 0 1 0.063606453663 -7.98963826352 11 0.707106781187 0.707106781187 0.0 0.0 0 0 0 0 0 0
0 0 1 0.0158738745415 -7.92019562301 12 0.707106781187 0.707106781187 0.0 0.0 0 0 0 0 0 0
0 0 1 0.0638860552228 -7.93224169829 13 0.707106781187 0.707106781187 0.0 0.0 0 0 0 0 0 0
0 0 1 0.0670627637308 -7.96070737623 14 0.707106781187 0.707106781187 0.0 0.0 0 0 0 0 0 0
0 0 1 -1.98628022327 10.0136081155 5 0.707106781187 0.707106781187 0.0 0.0 0 0 0 0 0 0
0 0 1 -1.94467139061 10.0399181033 6 0.707106781187 0.707106781187 0.0 0.0 0 0 0 0 0 0
0 0 1 -1.9231093513 10.0737131287 7 0.707106781187 0.707106781187 0.0 0.0 0 0 0 0 0 0
0 0 1 -1.94260778827 10.037208572 8 0.707106781187 0.707106781187 0.0 0.0 0 0 0 0 0 0
0 0 1 -1.93856442147 10.041207947 9 0.707106781187 0.707106781187 0.0 0.0 0 0 0 0 0 0
0 0 1 -1.96358626692 10.0009822479 10 0.707106781187 0.707106781187 0.0 0.0 0 0 0 0 0 0
0 0 1 -1.94668483074 10.0588095864 11 0.707106781187 0.707106781187 0.0 0.0 0 0 0 0 0 0
0 0 1 -1.90330619273 10.0969520337 12 0.707106781187 0.707106781187 0.0 0.0 0 0 0 0 0 0
0 0 1 -1.99523948261 10.053497508 13 0.707106781187 0.707106781187 0.0 0.0 0 0 0 0 0 0
0 0 1 -1.95130121186 10.0062805016 14 0.707106781187 0.707106781187 0.0 0.0 0 0 0 0 0 0
0 0 1 -1.9002922765 8.0553856583 5 0.707106781187 0.707106781187 0.0 0.0 0 0 0 0 0 0
0 0 1 -1.92263034483 8.07865966975 6 0.707106781187 0.707106781187 0.0 0.0 0 0 0 0 0 0
0 0 1 -1.94507351458 8.08153913726 7 0.707106781187 0.707106781187 0.0 0.0 0 0 0 0 0 0
0 0 1 -1.91882856601 8.04719411091 8 0.707106781187 0.707106781187 0.0 0.0 0 0 0 0 0 0
0 0 1 -1.96302579521 8.00694078475 9 0.707106781187 0.707106781187 0.0 0.0 0 0 0 0 0 0
0 0 1 -1.94696319463 8.03945564522 10 0.707106781187 0.707106781187 0.0 0.0 0 0 0 0 0 0
0 0 1 -1.94883184666 8.09790791793 11 0.707106781187 0.707106781187 0.0 0.0 0 0 0 0 0 0
0 0 1 -1.99741561689 8.03850140486 12 0.707106781187 0.707106781187 0.0 0.0 0 0 0 0 0 0
0 0 1 -1.91246617037 8.02862607598 13 0.707106781187 0.707106781187 0.0 0.0 0 0 0 0 0 0
0 0 1 -1.9404200643 8.02932465714 14 0.707106781187 0.707106781187 0.0 0.0 0 0 0 0 0 0
0 0 1 -1.90155363283 6.01184917839 5 0.707106781187 0.707106781187 0.0 0.0 0 0 0 0 0 0
0 0 1 -1.98508031618 6.04713720447 6 0.707106781187 0.707106781187 0.0 0.0 0 0 0 0 0 0
0 0 1 -1.94194658231 6.04372137174 7 0.707106781187 0.707106781187 0.0 0.0 0 0 0 0 0 0
0 0 1 -1.92827259652 6.01327694639 8 0.707106781187 0.707106781187 0.0 0.0 0 0 0 0 0 0
0 0 1 -1.93455102033 6.05497570291 9 0.707106781187 0.707106781187 0.0 0.0 0 0 0 0 0 0
0 0 1 -1.98986526558 6.01141667872 10 0.707106781187 0.707106781187 0.0 0.0 0 0 0 0 0 0
0 0 1 -1.92429398756 6.08690713482 11 0.707106781187 0.707106781187 0.0 0.0 0 0 0 0 0 0
0 0 1 -1.91628136513 6.06907101497 12 0.707106781187 0.707106781187 0.0 0.0 0 0 0 0 0 0
0 0 1 -1.92340270487 6.01420603481 13 0.707106781187 0.707106781187 0.0 0.0 0 0 0 0 0 0
0 0 1 -1.9989808367 6.00142270367 14 0.707106781187 0.707106781187 0.0 0.0 0 0 0 0 0 0
0 0 1 -1.9315823391 4.05090450063 5 0.707106781187 0.707106781187 0.0 0.0 0 0 0 0 0 0
0 0 1 -1.93384412896 4.03351887176 6 0.707106781187 0.707106781187 0.0 0.0 0 0 0 0 0 0
0 0 1 -1.97691493283 4.00328177858 7 0.707106781187 0.707106781187 0.0 0.0 0 0 0 0 0 0
0 0 1 -1.90845536972 4.04341489712 8 0.707106781187 0.707106781187 0.0 0.0 0 0 0 0 0 0
0 0 1 -1.92144055972 4.0345354543 9 0.707106781187 0.707106781187 0.0 0.0 0 0 0 0 0 0
0 0 1 -1.98637023396 4.08449452422 10 0.707106781187 0.707106781187 0.0 0.0 0 0 0 0 0 0
0 0 1 -1.93701093543 4.00015844716 11 0.707106781187 0.707106781187 0.0 0.0 0 0 0 0 0 0
0 0 1 -1.95281217823 4.04215304761 12 0.707106781187 0.707106781187 0.0 0.0 0 0 0 0 0 0
0 0 1 -1.96952006935 4.09020459338 13 0.707106781187 0.707106781187 0.0 0.0 0 0 0 0 0 0
0 0 1 -1.90867692458 4.09656830723 14 0.707106781187 0.707106781187 0.0 0.0 0 0 0 0 0 0
0 0 1 -1.95988054583 2.06074684925 5 0.707106781187 0.707106781187 0.0 0.0 0 0 0 0 0 0
0 0 1 -1.93095846003 2.08671313685 6 0.707106781187 0.707106781187 0.0 0.0 0 0 0 0 0 0
0 0 1 -1.93820416406 2.08139120432 7 0.707106781187 0.707106781187 0.0 0.0 0 0 0 0 0 0
0 0 1 -1.9088059615 2.04267660852 8 0.707106781187 0.707106781187 0.0 0.0 0 0 0 0 0 0
0 0 1 -1.96444608472 2.00622340765 9 0.707106781187 0.707106781187 0.0 0.0 0 0 0 0 0 0
0 0 1 -1.93214445327 2.00374017961 10 0.707106781187 0.707106781187 0.0 0.0 0 0 0 0 0 0
0 0 1 -1.92047890228 2.07639575245 11 0.707106781187 0.707106781187 0.0 0.0 0 0 0 0 0 0
0 0 1 -1.94364440912 2.04139348916 12 0.707106781187 0.707106781187 0.0 0.0 0 0 0 0 0 0
0 0 1 -1.96038832704 2.0890851181 13 0.707106781187 0.707106781187 0.0 0.0 0 0 0 0 0 0
0 0 1 -1.98438035736 2.01680954802 14 0.707106781187 0.707106781187 0.0 0.0 0 0 0 0 0 0
0 0 1 -1.95795091253 0.0763740334126 5 0.707106781187 0.707106781187 0.0 0.0 0 0 0 0 0 0
0 0 1 -1.91407709525 0.0855573150897 6 0.707106781187 0.707106781187 0.0 0.0 0 0 0 0 0 0
0 0 1 -1.93352415032 0.00568214814137 7 0.707106781187 0.707106781187 0.0 0.0 0 0 0 0 0 0
0 0 1 -1.96142740592 0.0390756171291 8 0.707106781187 0.707106781187 0.0 0.0 0 0 0 0 0 0
0 0 1 -1.90836788896 0.01155662662 9 0.707106781187 0.707106781187 0.0 0.0 0 0 0 0 0 0
0 0 1 -1.93087463339 0.0212731422412 10 0.707106781187 0.707106781187 0.0 0.0 0 0 0 0 0 0
0 0 1 -1.9293764582 0.0451397284037 11 0.707106781187 0.707106781187 0.0 0.0 0 0 0 0 0 0
0 0 1 -1.99285750527 0.0903012221862 12 0.707106781187 0.707106781187 0.0 0.0 0 0 0 0 0 0
0 0 1 -1.99702941254 0.00943043502315 13 0.707106781187 0.707106781187 0.0 0.0 0 0 0 0 0 0
0 0 1 -1.9698990121 0.0114251590602 14 0.707106781187 0.707106781187 0.0 0.0 0 0 0 0 0 0
0 0 1 -1.9397260182 -1.9647778117 5 0.707106781187 0.707106781187 0.0 0.0 0 0 0 0 0 0
0 0 1 -1.97867146291 -1.91884852184 6 0.707106781187 0.707106781187 0.0 0.0 0 0 0 0 0 0
0 0 1 -1.92759438893 -1.95344772193 7 0.707106781187 0.707106781187 0.0 0.0 0 0 0 0 0 0
0 0 1 -1.93596594071 -1.92614383912 8 0.707106781187 0.707106781187 0.0 0.0 0 0 0 0 0 0
0 0 1 -1.91737255497 -1.91882393565 9 0.707106781187 0.707106781187 0.0 0.0 0 0 0 0 0 0
0 0 1 -1.94052765495 -1.9817066499 10 0.707106781187 0.707106781187 0.0 0.0 0 0 0 0 0 0
0 0 1 -1.91201381584 -1.94480707224 11 0.707106781187 0.707106781187 0.0 0.0 0 0 0 0 0 0
0 0 1 -1.90728336937 -1.92169621862 12 0.707106781187 0.707106781187 0.0 0.0 0 0 0 0 0 0
0 0 1 -1.9910508612 -1.95781404268 13 0.707106781187 0.707106781187 0.0 0.0 0 0 0 0 0 0
0 0 1 -1.93329267491 -1.94201397505 14 0.707106781187 0.707106781187 0.0 0.0 0 0 0 0 0 0
0 0 1 -1.93962542529 -3.90806536224 5 0.707106781187 0.707106781187 0.0 0.0 0 0 0 0 0 0
0 0 1 -1.91492624005 -3.96545847987 6 0.707106781187 0.707106781187 0.0 0.0 0 0 0 0 0 0
0 0 1 -1.94304882339 -3.92761300538 7 0.707106781187 0.707106781187 0.0 0.0 0 0 0 0 0 0
0 0 1 -1.90565416608 -3.90671255762 8 0.707106781187 0.707106781187 0.0 0.0 0 0 0 0 0 0
0 0 1 -1.92422617929 -3.97632563226 9 0.707106781187 0.707106781187 0.0 0.0 0 0 0 0 0 0
0 0 1 -1.98470735419 -3.96543086709 10 0.707106781187 0.707106781187 0.0 0.0 0 0 0 0 0 0
0 0 1 -1.95942213199 -3.91569917469 11 0.707106781187 0.707106781187 0.0 0.0 0 0 0 0 0 0
0 0 1 -1.95894198311 -3.96340073895 12 0.707106781187 0.707106781187 0.0 0.0 0 0 0 0 0 0
0 0 1 -1.98886484238 -3.94437207621 13 0.707106781187 0.707106781187 0.0 0.0 0 0 0 0 0 0
0 0 1 -1.91428584955 -3.9964144145 14 0.707106781187 0.707106781187 0.0 0.0 0 0 0 0 0 0
0 0 1 -1.98082620872 -5.91233528474 5 0.707106781187 0.707106781187 0.0 0.0 0 0 0 0 0 0
0 0 1 -1.9880655345 -5.99848419751 6 0.707106781187 0.707106781187 0.0 0.0 0 0 0 0 0 0
0 0 1 -1.90919850514 -5.90130503027 7 0.707106781187 0.707106781187 0.0 0.0 0 0 0 0 0 0
0 0 1 -1.97698659757 -5.938504474 8 0.707106781187 0.707106781187 0.0 0.0 0 0 0 0 0 0
0 0 1 -1.99940512102 -5.96717797175 9 0.707106781187 0.707106781187 0.0 0.0 0 0 0 0 0 0
0 0 1 -1.97842846704 -5.9262533917 10 0.707106781187 0.707106781187 0.0 0.0 0 0 0 0 0 0
0 0 1 -1.91179413573 -5.97976196041 11 0.707106781187 0.707106781187 0.0 0.0 0 0 0 0 0 0
0 0 1 -1.94850558901 -5.93658412832 12 0.707106781187 0.707106781187 0.0 0.0 0 0 0 0 0 0
0 0 1 -1.9679942043 -5.98093835289 13 0.707106781187 0.707106781187 0.0 0.0 0 0 0 0 0 0
0 0 1 -1.90057580865 -5.94882313495 14 0.707106781187 0.707106781187 0.0 0.0 0 0 0 0 0 0
0 0 1 -1.95170212668 -7.93273422158 5 0.707106781187 0.707106781187 0.0 0.0 0 0 0 0 0 0
0 0 1 -1.9475794731 -7.91017626414 6 0.707106781187 0.707106781187 0.0 0.0 0 0 0 0 0 0
0 0 1 -1.9215643565 -7.91474855194 7 0.707106781187 0.707106781187 0.0 0.0 0 0 0 0 0 0
0 0 1 -1.98886226707 -7.93142741475 8 0.707106781187 0.707106781187 0.0 0.0 0 0 0 0 0 0
0 0 1 -1.93133065587 -7.96045391436 9 0.707106781187 0.707106781187 0.0 0.0 0 0 0 0 0 0
0 0 1 -1.9858736629 -7.97132361579 10 0.707106781187 0.707106781187 0.0 0.0 0 0 0 0 0 0
0 0 1 -1.90141944603 -7.90964402818 11 0.707106781187 0.707106781187 0.0 0.0 0 0 0 0 0 0
0 0 1 -1.98281576739 -7.96174033299 12 0.707106781187 0.707106781187 0.0 0.0 0 0 0 0 0 0
0 0 1 -1.92214259386 -7.91288535831 13 0.707106781187 0.707106781187 0.0 0.0 0 0 0 0 0 0
0 0 1 -1.9808788722 -7.9230234574 14 0.707106781187 0.707106781187 0.0 0.0 0 0 0 0 0 0
0 0 1 -3.98549290782 10.0015965588 5 0.707106781187 0.707106781187 0.0 0.0 0 0 0 0 0 0
0 0 1 -3.95528282383 10.0447177484 6 0.707106781187 0.707106781187 0.0 0.0 0 0 0 0 0 0
0 0 1 -3.93256991717 10.0855697235 7 0.707106781187 0.707106781187 0.0 0.0 0 0 0 0 0 0
0 0 1 -3.99605441693 10.0319580125 8 0.707106781187 0.707106781187 0.0 0.0 0 0 0 0 0 0
0 0 1 -3.94407265513 10.0699785183 9 0.707106781187 0.707106781187 0.0 0.0 0 0 0 0 0 0
0 0 1 -3.940556093 10.0069782843 10 0.707106781187 0.707106781187 0.0 0.0 0 0 0 0 0 0
0 0 1 -3.91752054462 10.0683447156 11 0.707106781187 0.707106781187 0.0 0.0 0 0 0 0 0 0
0 0 1 -3.93139298237 10.058791509 12 0.707106781187 0.707106781187 0.0 0.0 0 0 0 0 0 0
0 0 1 -3.98366889947 10.0414681309 13 0.707106781187 0.707106781187 0.0 0.0 0 0 0 0 0 0
0 0 1 -3.93515654689 10.0385499424 14 0.707106781187 0.707106781187 0.0 0.0 0 0 0 0 0 0
0 0 1 -3.9393064912 8.00114049025 5 0.707106781187 0.707106781187 0.0 0.0 0 0 0 0 0 0
0 0 1 -3.93800814433 8.06295587107 6 0.707106781187 0.707106781187 0.0 0.0 0 0 0 0 0 0
0 0 1 -3.99561622042 8.07630883213 7 0.707106781187 0.707106781187 0.0 0.0 0 0 0 0 0 0
0 0 1 -3.96289118932 8.09104991486 8 0.707106781187 0.707106781187 0.0 0.0 0 0 0 0 0 0
0 0 1 -3.90260373127 8.08190385848 9 0.707106781187 0.707106781187 0.0 0.0 0 0 0 0 0 0
0 0 1 -3.9356974971 8.09694311916 10 0.707106781187 0.707106781187 0.0 0.0 0 0 0 0 0 0
0 0 1 -3.98049071865 8.0400843077 11 0.707106781187 0.707106781187 0.0 0.0 0 0 0 0 0 0
0 0 1 -3.90323409157 8.07075543298 12 0.707106781187 0.707106781187 0.0 0.0 0 0 0 0 0 0
0 0 1 -3.98991467048 8.0958371054 13 0.707106781187 0.707106781187 0.0 0.0 0 0 0 0 0 0
0 0 1 -3.97593234719 8.02650549928 14 0.707106781187 0.707106781187 0.0 0.0 0 0 0 0 0 0
0 0 1 -3.93518187638 6.00178028007 5 0.707106781187 0.707106781187 0.0 0.0 0 0 0 0 0 0
0 0 1 -3.97995596568 6.02648013982 6 0.707106781187 0.707106781187 0.0 0.0 0 0 0 0 0 0
0 0 1 -3.99251496782 6.08341533648 7 0.707106781187 0.707106781187 0.0 0.0 0 0 0 0 0 0
0 0 1 -3.91165114524 6.00518416488 8 0.707106781187 0.707106781187 0.0 0.0 0 0 0 0 0 0
0 0 1 -3.98691698972 6.08500472805 9 0.707106781187 0.707106781187 0.0 0.0 0 0 0 0 0 0
0 0 1 -3.90557931055 6.07950268358 10 0.707106781187 0.707106781187 0.0 0.0 0 0 0 0 0 0
0 0 1 -3.96734461301 6.00651661936 11 0.707106781187 0.707106781187 0.0 0.0 0 0 0 0 0 0
0 0 1 -3.98022079594 6.04860121325 12 0.707106781187 0.707106781187 0.0 0.0 0 0 0 0 0 0
0 0 1 -3.97352054563 6.0678579421 13 0.707106781187 0.707106781187 0.0 0.0 0 0 0 0 0 0
0 0 1 -3.96310448277 6.08208363553 14 0.707106781187 0.707106781187 0.0 0.0 0 0 0 0 0 0
0 0 1 -3.96262566801 4.02332313987 5 0.707106781187 0.707106781187 0.0 0.0 0 0 0 0 0 0
0 0 1 -3.90223371254 4.07979567335 6 0.707106781187 0.707106781187 0.0 0.0 0 0 0 0 0 0
0 0 1 -3.95501448357 4.03894430209 7 0.707106781187 0.707106781187 0.0 0.0 0 0 0 0 0 0
0 0 1 -3.97702048866 4.04982973951 8 0.707106781187 0.707106781187 0.0 0.0 0 0 0 0 0 0
0 0 1 -3.9912114311 4.06903200065 9 0.707106781187 0.707106781187 0.0 0.0 0 0 0 0 0 0
0 0 1 -3.91629654979 4.09178130954 10 0.707106781187 0.707106781187 0.0 0.0 0 0 0 0 0 0
0 0 1 -3.96989780888 4.03678839891 11 0.707106781187 0.707106781187 0.0 0.0 0 0 0 0 0 0
0 0 1 -3.98470315841 4.01132205623 12 0.707106781187 0.707106781187 0.0 0.0 0 0 0 0 0 0
0 0 1 -3.92114606962 4.07593924678 13 0.707106781187 0.707106781187 0.0 0.0 0 0 0 0 0 0
0 0 1 -3.95602593814 4.0272657153 14 0.707106781187 0.707106781187 0.0 0.0 0 0 0 0 0 0
0 0 1 -3.94867856965 2.09854213846 5 0.707106781187 0.707106781187 0.0 0.0 0 0 0 0 0 0
0 0 1 -3.94749446802 2.06559564565 6 0.707106781187 0.707106781187 0.0 0.0 0 0 0 0 0 0
0 0 1 -3.95925083488 2.07130441736 7 0.707106781187 0.707106781187 0.0 0.0 0 0 0 0 0 0
0 0 1 -3.9376086305 2.05684209585 8 0.707106781187 0.707106781187 0.0 0.0 0 0 0 0 0 0
0 0 1 -3.92416636463 2.07191093583 9 0.707106781187 0.707106781187 0.0 0.0 0 0 0 0 0 0
0 0 1 -3.94367289192 2.06874030779 10 0.707106781187 0.707106781187 0.0 0.0 0 0 0 0 0 0
0 0 1 -3.94204390519 2.04043133146 11 0.707106781187 0.707106781187 0.0 0.0 0 0 0 0 0 0
0 0 1 -3.93039665403 2.04572625707 12 0.707106781187 0.707106781187 0.0 0.0 0 0 0 0 0 0
0 0 1 -3.99456606896 2.00968703579 13 0.707106781187 0.707106781187 0.0 0.0 0 0 0 0 0 0
0 0 1 -3.92178502723 2.08130687087 14 0.707106781187 0.707106781187 0.0 0.0 0 0 0 0 0 0
0 0 1 -3.99835167667 0.0876401296941 5 0.707106781187 0.707106781187 0.0 0.0 0 0 0 0 0 0
0 0 1 -3.98154028715 0.00126188804111 6 0.707106781187 0.707106781187 0.0 0.0 0 0 0 0 0 0
0 0 1 -3.94167168271 0.0765304877133 7 0.707106781187 0.707106781187 0.0 0.0 0 0 0 0 0 0
0 0 1 -3.99256338248 0.0804474753641 8 0.707106781187 0.707106781187 0.0 0.0 0 0 0 0 0 0
0 0 1 -3.91598193231 0.0751723798145 9 0.707106781187 0.707106781187 0.0 0.0 0 0 0 0 0 0
0 0 1 -3.95071031829 0.0126763226856 10 0.707106781187 0.707106781187 0.0 0.0 0 0 0 0 0 0
0 0 1 -3.97142619043 0.0866305921369 11 0.707106781187 0.707106781187 0.0 0.0 0 0 0 0 0 0
0 0 1 -3.95466515702 0.0151870808844 12 0.707106781187 0.707106781187 0.0 0.0 0 0 0 0 0 0
0 0 1 -3.98823070028 0.00912051292944 13 0.707106781187 0.707106781187 0.0 0.0 0 0 0 0 0 0
0 0 1 -3.95843123862 0.0597638436535 14 0.707106781187 0.707106781187 0.0 0.0 0 0 0 0 0 0
0 0 1 -3.90865794138 -1.97791801401 5 0.707106781187 0.707106781187 0.0 0.0 0 0 0 0 0 0
0 0 1 -3.93127542553 -1.96967537322 6 0.707106781187 0.707106781187 0.0 0.0 0 0 0 0 0 0
0 0 1 -3.98491169936 -1.90403487687 7 0.707106781187 0.707106781187 0.0 0.0 0 0 0 0 0 0
0 0 1 -3.96035604458 -1.90910019489 8 0.707106781187 0.707106781187 0.0 0.0 0 0 0 0 0 0
0 0 1 -3.95293731388 -1.93288869031 9 0.707106781187 0.707106781187 0.0 0.0 0 0 0 0 0 0
0 0 1 -3.96176207712 -1.9330496692 10 0.707106781187 0.707106781187 0.0 0.0 0 0 0 0 0 0
0 0 1 -3.93436747911 -1.9010738439 11 0.707106781187 0.707106781187 0.0 0.0 0 0 0 0 0 0
0 0 1 -3.95612749084 -1.98150927325 12 0.707106781187 0.707106781187 0.0 0.0 0 0 0 0 0 0
0 0 1 -3.92510153557 -1.9474075939 13 0.707106781187 0.707106781187 0.0 0.0 0 0 0 0 0 0
0 0 1 -3.9807463064 -1.99098649388 14 0.707106781187 0.707106781187 0.0 0.0 0 0 0 0 0 0
0 0 1 -3.9502253771 -3.92121997924 5 0.707106781187 0.707106781187 0.0 0.0 0 0 0 0 0 0
0 0 1 -3.92552616979 -3.90226808852 6 0.707106781187 0.707106781187 0.0 0.0 0 0 0 0 0 0
0 0 1 -3.97556543954 -3.95489325782 7 0.707106781187 0.707106781187 0.0 0.0 0 0 0 0 0 0
0 0 1 -3.97166081169 -3.96286492239 8 0.707106781187 0.707106781187 0.0 0.0 0 0 0 0 0 0
0 0 1 -3.99215517754 -3.97648599307 9 0.707106781187 0.707106781187 0.0 0.0 0 0 0 0 0 0
0 0 1 -3.90065282071 -3.92436081081 10 0.707106781187 0.707106781187 0.0 0.0 0 0 0 0 0 0
0 0 1 -3.94102257656 -3.92736107808 11 0.707106781187 0.707106781187 0.0 0.0 0 0 0 0 0 0
0 0 1 -3.98455349485 -3.97534691776 12 0.707106781187 0.707106781187 0.0 0.0 0 0 0 0 0 0
0 0 1 -3.96123580409 -3.9136032209 13 0.707106781187 0.707106781187 0.0 0.0 0 0 0 0 0 0
0 0 1 -3.94406091352 -3.96563618156 14 0.707106781187 0.707106781187 0.0 0.0 0 0 0 0 0 0
0 0 1 -3.9919535859 -5.93433093346 5 0.707106781187 0.707106781187 0.0 0.0 0 0 0 0 0 0
0 0 1 -3.95390193064 -5.97737873036 6 0.707106781187 0.707106781187 0.0 0.0 0 0 0 0 0 0
0 0 1 -3.93166842358 -5.96349013148 7 0.707106781187 0.707106781187 0.0 0.0 0 0 0 0 0 0
0 0 1 -3.91297200669 -5.91842231054 8 0.707106781187 0.707106781187 0.0 0.0 0 0 0 0 0 0
0 0 1 -3.99079744703 -5.9740089794 9 0.707106781187 0.707106781187 0.0 0.0 0 0 0 0 0 0
0 0 1 -3.95512927721 -5.90449889159 10 0.707106781187 0.707106781187 0.0 0.0 0 0 0 0 0 0
0 0 1 -3.9068432895 -5.94646761282 11 0.707106781187 0.707106781187 0.0 0.0 0 0 0 0 0 0
0 0 1 -3.99830319752 -5.98328254487 12 0.707106781187 0.707106781187 0.0 0.0 0 0 0 0 0 0
0 0 1 -3.9344008287 -5.91811954086 13 0.707106781187 0.707106781187 0.0 0.0 0 0 0 0 0 0
0 0 1 -3.93629669683 -5.9678930838 14 0.707106781187 0.707106781187 0.0 0.0 0 0 0 0 0 0
0 0 1 -3.90166555591 -7.96842725206 5 0.707106781187 0.707106781187 0.0 0.0 0 0 0 0 0 0
0 0 1 -3.92388856204 -7.98272652587 6 0.707106781187 0.707106781187 0.0 0.0 0 0 0 0 0 0
0 0 1 -3.97666568847 -7.98346050847 7 0.707106781187 0.707106781187 0.0 0.0 0 0 0 0 0 0
0 0 1 -3.99301392288 -7.9155863906 8 0.707106781187 0.707106781187 0.0 0.0 0 0 0 0 0 0
0 0 1 -3.96118299585 -7.97568349784 9 0.707106781187 0.707106781187 0.0 0.0 0 0 0 0 0 0
0 0 1 -3.93117638987 -7.96668790921 10 0.707106781187 0.707106781187 0.0 0.0 0 0 0 0 0 0
0 0 1 -3.92350062251 -7.92197823777 11 0.707106781187 0.707106781187 0.0 0.0 0 0 0 0 0 0
0 0 1 -3.93952519448 -7.94944991371 12 0.707106781187 0.707106781187 0.0 0.0 0 0 0 0 0 0
0 0 1 -3.95017656075 -7.95494205397 13 0.707106781187 0.707106781187 0.0 0.0 0 0 0 0 0 0
0 0 1 -3.98833009443 -7.9630055524 14 0.707106781187 0.707106781187 0.0 0.0 0 0 0 0 0 0
0 0 1 -5.97325988109 10.0265559205 5 0.707106781187 0.707106781187 0.0 0.0 0 0 0 0 0 0
0 0 1 -5.95058889838 10.011999077 6 0.707106781187 0.707106781187 0.0 0.0 0 0 0 0 0 0
0 0 1 -5.96249344449 10.0249009466 7 0.707106781187 0.707106781187 0.0 0.0 0 0 0 0 0 0
0 0 1 -5.99080440057 10.0619400163 8 0.707106781187 0.707106781187 0.0 0.0 0 0 0 0 0 0
0 0 1 -5.99886193504 10.0132544333 9 0.707106781187 0.707106781187 0.0 0.0 0 0 0 0 0 0
0 0 1 -5.92254847326 10.0669647761 10 0.707106781187 0.707106781187 0.0 0.0 0 0 0 0 0 0
0 0 1 -5.989362622 10.0387535541 11 0.707106781187 0.707106781187 0.0 0.0 0 0 0 0 0 0
0 0 1 -5.98381344883 10.0212918192 12 0.707106781187 0.707106781187 0.0 0.0 0 0 0 0 0 0
0 0 1 -5.97295637192 10.0395660667 13 0.707106781187 0.707106781187 0.0 0.0 0 0 0 0 0 0
0 0 1 -5.90909359546 10.0105149985 14 0.707106781187 0.707106781187 0.0 0.0 0 0 0 0 0 0
0 0 1 -5.93505451941 8.04114422917 5 0.707106781187 0.707106781187 0.0 0.0 0 0 0 0 0 0
0 0 1 -5.94252353952 8.04654731288 6 0.707106781187 0.707106781187 0.0 0.0 0 0 0 0 0 0
0 0 1 -5.93392148623 8.08415993891 7 0.707106781187 0.707106781187 0.0 0.0 0 0 0 0 0 0
0 0 1 -5.94983549831 8.05240316979 8 0.707106781187 0.707106781187 0.0 0.0 0 0 0 0 0 0
0 0 1 -5.90222298861 8.08680231406 9 0.707106781187 0.707106781187 0.0 0.0 0 0 0 0 0 0
0 0 1 -5.94437061773 8.0028419283 10 0.707106781187 0.707106781187 0.0 0.0 0 0 0 0 0 0
0 0 1 -5.96778656002 8.03137773669 11 0.707106781187 0.707106781187 0.0 0.0 0 0 0 0 0 0
0 0 1 -5.98063763467 8.0543003646 12 0.707106781187 0.707106781187 0.0 0.0 0 0 0 0 0 0
0 0 1 -5.95341060904 8.06093328272 13 0.707106781187 0.707106781187 0.0 0.0 0 0 0 0 0 0
0 0 1 -5.96185924118 8.09485261026 14 0.707106781187 0.707106781187 0.0 0.0 0 0 0 0 0 0
0 0 1 -5.98809739116 6.03008711885 5 0.707106781187 0.707106781187 0.0 0.0 0 0 0 0 0 0
0 0 1 -5.91020976114 6.07755984675 6 0.707106781187 0.707106781187 0.0 0.0 0 0 0 0 0 0
0 0 1 -5.95736254828 6.03830034292 7 0.707106781187 0.707106781187 0.0 0.0 0 0 0 0 0 0
0 0 1 -5.94385938858 6.00275269408 8 0.707106781187 0.707106781187 0.0 0.0 0 0 0 0 0 0
0 0 1 -5.94993736583 6.00724694061 9 0.707106781187 0.707106781187 0.0 0.0 0 0 0 0 0 0
0 0 1 -5.95705610444 6.04569474626 10 0.707106781187 0.707106781187 0.0 0.0 0 0 0 0 0 0
0 0 1 -5.90376030853 6.06742405228 11 0.707106781187 0.707106781187 0.0 0.0 0 0 0 0 0 0
0 0 1 -5.98315696686 6.02204058308 12 0.707106781187 0.707106781187 0.0 0.0 0 0 0 0 0 0
0 0 1 -5.90988924986 6.00029740675 13 0.707106781187 0.707106781187 0.0 0.0 0 0 0 0 0 0
0 0 1 -5.991657359 6.00102608447 14 0.707106781187 0.707106781187 0.0 0.0 0 0 0 0 0 0
0 0 1 -5.94107813364 4.07313441371 5 0.707106781187 0.707106781187 0.0 0.0 0 0 0 0 0 0
0 0 1 -5.91884967391 4.02558833487 6 0.707106781187 0.707106781187 0.0 0.0 0 0 0 0 0 0
0 0 1 -5.97984374807 4.09221646654 7 0.707106781187 0.707106781187 0.0 0.0 0 0 0 0 0 0
0 0 1 -5.92020738075 4.08906064153 8 0.707106781187 0.707106781187 0.0 0.0 0 0 0 0 0 0
0 0 1 -5.92574345331 4.06306389888 9 0.707106781187 0.707106781187 0.0 0.0 0 0 0 0 0 0
0 0 1 -5.93037478173 4.01675782867 10 0.707106781187 0.707106781187 0.0 0.0 0 0 0 0 0 0
0 0 1 -5.94261641207 4.09089992635 11 0.707106781187 0.707106781187 0.0 0.0 0 0 0 0 0 0
0 0 1 -5.94155834676 4.05760212556 12 0.707106781187 0.707106781187 0.0 0.0 0 0 0 0 0 0
0 0 1 -5.97596550709 4.04612218908 13 0.707106781187 0.707106781187 0.0 0.0 0 0 0 0 0 0
0 0 1 -5.92432021271 4.07324625029 14 0.707106781187 0.707106781187 0.0 0.0 0 0 0 0 0 0
0 0 1 -5.97157565002 2.0245421677 5 0.707106781187 0.707106781187 0.0 0.0 0 0 0 0 0 0
0 0 1 -5.99823141501 2.02583045038 6 0.707106781187 0.707106781187 0.0 0.0 0 0 0 0 0 0
0 0 1 -5.95705031764 2.02025385138 7 0.707106781187 0.707106781187 0.0 0.0 0 0 0 0 0 0
0 0 1 -5.98481739674 2.00241206757 8 0.707106781187 0.707106781187 0.0 0.0 0 0 0 0 0 0
0 0 1 -5.96595775325 2.07003845202 9 0.707106781187 0.707106781187 0.0 0.0 0 0 0 0 0 0
0 0 1 -5.93208329619 2.08301403537 10 0.707106781187 0.707106781187 0.0 0.0 0 0 0 0 0 0
0 0 1 -5.97056749214 2.0010790354 11 0.707106781187 0.707106781187 0.0 0.0 0 0 0 0 0 0
0 0 1 -5.97561747211 2.05951466939 12 0.707106781187 0.707106781187 0.0 0.0 0 0 0 0 0 0
0 0 1 -5.97498602032 2.00084679288 13 0.707106781187 0.707106781187 0.0 0.0 0 0 0 0 0 0
0 0 1 -5.94830250522 2.00899105749 14 0.707106781187 0.707106781187 0.0 0.0 0 0 0 0 0 0
0 0 1 -5.96836990501 0.0719815062393 5 0.707106781187 0.707106781187 0.0 0.0 0 0 0 0 0 0
0 0 1 -5.92612381536 0.0587805686007 6 0.707106781187 0.707106781187 0.0 0.0 0 0 0 0 0 0
0 0 1 -5.91014885018 0.071843317365 7 0.707106781187 0.707106781187 0.0 0.0 0 0 0 0 0 0
0 0 1 -5.92300249644 0.0515142172289 8 0.707106781187 0.707106781187 0.0 0.0 0 0 0 0 0 0
0 0 1 -5.94476375397 0.0510534697053 9 0.707106781187 0.707106781187 0.0 0.0 0 0 0 0 0 0
0 0 1 -5.97656565925 0.0597144685441 10 0.707106781187 0.707106781187 0.0 0.0 0 0 0 0 0 0
0 0 1 -5.94423323949 0.0314303312751 11 0.707106781187 0.707106781187 0.0 0.0 0 0 0 0 0 0
0 0 1 -5.95911653428 0.0162014107785 12 0.707106781187 0.707106781187 0.0 0.0 0 0 0 0 0 0
0 0 1 -5.9376134231 0.0413182327449 13 0.707106781187 0.707106781187 0.0 0.0 0 0 0 0 0 0
0 0 1 -5.94283826793 0.0643474608392 14 0.707106781187 0.707106781187 0.0 0.0 0 0 0 0 0 0
0 0 1 -5.97961070926 -1.91696652799 5 0.707106781187 0.707106781187 0.0 0.0 0 0 0 0 0 0
0 0 1 -5.91494318799 -1.91546724886 6 0.707106781187 0.707106781187 0.0 0.0 0 0 0 0 0 0
0 0 1 -5.9319039776 -1.97562423322 7 0.707106781187 0.707106781187 0.0 0.0 0 0 0 0 0 0
0 0 1 -5.91847146667 -1.96550420295 8 0.707106781187 0.707106781187 0.0 0.0 0 0 0 0 0 0
0 0 1 -5.95611940348 -1.99626783863 9 0.707106781187 0.707106781187 0.0 0.0 0 0 0 0 0 0
0 0 1 -5.96835280758 -1.92541542555 10 0.707106781187 0.707106781187 0.0 0.0 0 0 0 0 0 0
0 0 1 -5.97632978572 -1.92416033855 11 0.707106781187 0.707106781187 0.0 0.0 0 0 0 0 0 0
0 0 1 -5.96391524665 -1.95642589511 12 0.707106781187 0.707106781187 0.0 0.0 0 0 0 0 0 0
0 0 1 -5.95206331589 -1.93840800767 13 0.707106781187 0.707106781187 0.0 0.0 0 0 0 0 0 0
0 0 1 -5.91540445024 -1.94198283859 14 0.707106781187 0.707106781187 0.0 0.0 0 0 0 0 0 0
0 0 1 -5.97277958211 -3.97360423574 5 0.707106781187 0.707106781187 0.0 0.0 0 0 0 0 0 0
0 0 1 -5.98352002695 -3.9321487464 6 0.707106781187 0.707106781187 0.0 0.0 0 0 0 0 0 0
0 0 1 -5.96831515948 -3.98734334319 7 0.707106781187 0.707106781187 0.0 0.0 0 0 0 0 0 0
0 0 1 -5.9930198716 -3.94658878887 8 0.707106781187 0.707106781187 0.0 0.0 0 0 0 0 0 0
0 0 1 -5.96621490333 -3.99909966596 9 0.707106781187 0.707106781187 0.0 0.0 0 0 0 0 0 0
0 0 1 -5.98801303757 -3.95384369168 10 0.707106781187 0.707106781187 0.0 0.0 0 0 0 0 0 0
0 0 1 -5.96129477308 -3.99963890887 11 0.707106781187 0.707106781187 0.0 0.0 0 0 0 0 0 0
0 0 1 -5.97390088574 -3.98939467191 12 0.707106781187 0.707106781187 0.0 0.0 0 0 0 0 0 0
0 0 1 -5.90429999425 -3.94353177441 13 0.707106781187 0.707106781187 0.0 0.0 0 0 0 0 0 0
0 0 1 -5.96037080889 -3.95595284766 14 0.707106781187 0.707106781187 0.0 0.0 0 0 0 0 0 0
0 0 1 -5.92236874325 -5.92851520283 5 0.707106781187 0.707106781187 0.0 0.0 0 0 0 0 0 0
0 0 1 -5.91193524403 -5.91427271718 6 0.707106781187 0.707106781187 0.0 0.0 0 0 0 0 0 0
0 0 1 -5.96029928188 -5.93335986184 7 0.707106781187 0.707106781187 0.0 0.0 0 0 0 0 0 0
0 0 1 -5.92937645212 -5.98440981197 8 0.707106781187 0.707106781187 0.0 0.0 0 0 0 0 0 0
0 0 1 -5.93583726574 -5.93724361001 9 0.707106781187 0.707106781187 0.0 0.0 0 0 0 0 0 0
0 0 1 -5.95755069835 -5.91381394582 10 0.707106781187 0.707106781187 0.0 0.0 0 0 0 0 0 0
0 0 1 -5.91029119941 -5.94275116174 11 0.707106781187 0.707106781187 0.0 0.0 0 0 0 0 0 0
0 0 1 -5.99590952765 -5.91975901868 12 0.707106781187 0.707106781187 0.0 0.0 0 0 0 0 0 0
0 0 1 -5.94106505299 -5.97481572445 13 0.707106781187 0.707106781187 0.0 0.0 0 0 0 0 0 0
0 0 1 -5.9000571595 -5.95134809554 14 0.707106781187 0.707106781187 0.0 0.0 0 0 0 0 0 0
0 0 1 -5.98817638149 -7.9135976601 5 0.707106781187 0.707106781187 0.0 0.0 0 0 0 0 0 0
0 0 1 -5.931013319 -7.99480250562 6 0.707106781187 0.707106781187 0.0 0.0 0 0 0 0 0 0
0 0 1 -5.90567558156 -7.90357496041 7 0.707106781187 0.707106781187 0.0 0.0 0 0 0 0 0 0
0 0 1 -5.9638864012 -7.97366140535 8 0.707106781187 0.707106781187 0.0 0.0 0 0 0 0 0 0
0 0 1 -5.99877976564 -7.91847611496 9 0.707106781187 0.707106781187 0.0 0.0 0 0 0 0 0 0
0 0 1 -5.94664231315 -7.98951336655 10 0.707106781187 0.707106781187 0.0 0.0 0 0 0 0 0 0
0 0 1 -5.940751207 -7.95776559546 11 0.707106781187 0.707106781187 0.0 0.0 0 0 0 0 0 0
0 0 1 -5.99627050122 -7.92943946056 12 0.707106781187 0.707106781187 0.0 0.0 0 0 0 0 0 0
0 0 1 -5.95501737285 -7.96142042701 13 0.707106781187 0.707106781187 0.0 0.0 0 0 0 0 0 0
0 0 1 -5.93151481981 -7.94841336837 14 0.707106781187 0.707106781187 0.0 0.0 0 0 0 0 0 0
0 0 1 -7.96842261221 10.0011409381 5 0.707106781187 0.707106781187 0.0 0.0 0 0 0 0 0 0
0 0 1 -7.91163469407 10.0230819792 6 0.707106781187 0.707106781187 0.0 0.0 0 0 0 0 0 0
0 0 1 -7.90486495503 10.0507529972 7 0.707106781187 0.707106781187 0.0 0.0 0 0 0 0 0 0
0 0 1 -7.96747944021 10.0031164169 8 0.707106781187 0.707106781187 0.0 0.0 0 0 0 0 0 0
0 0 1 -7.90462353116 10.0088697501 9 0.707106781187 0.707106781187 0.0 0.0 0 0 0 0 0 0
0 0 1 -7.95656361887 10.0058860787 10 0.707106781187 0.707106781187 0.0 0.0 0 0 0 0 0 0
0 0 1 -7.91323979509 10.0870430125 11 0.707106781187 0.707106781187 0.0 0.0 0 0 0 0 0 0
0 0 1 -7.90806214625 10.022112336 12 0.707106781187 0.707106781187 0.0 0.0 0 0 0 0 0 0
0 0 1 -7.90242604564 10.0187569866 13 0.707106781187 0.707106781187 0.0 0.0 0 0 0 0 0 0
0 0 1 -7.9361257264 10.0851333057 14 0.707106781187 0.707106781187 0.0 0.0 0 0 0 0 0 0
0 0 1 -7.92505757656 8.00184932077 5 0.707106781187 0.707106781187 0.0 0.0 0 0 0 0 0 0
0 0 1 -7.95692967587 8.00560724017 6 0.707106781187 0.707106781187 0.0 0.0 0 0 0 0 0 0
0 0 1 -7.96224686185 8.06280444057 7 0.707106781187 0.707106781187 0.0 0.0 0 0 0 0 0 0
0 0 1 -7.90351618394 8.08763861062 8 0.707106781187 0.707106781187 0.0 0.0 0 0 0 0 0 0
0 0 1 -7.95380740815 8.05424500179 9 0.707106781187 0.707106781187 0.0 0.0 0 0 0 0 0 0
0 0 1 -7.98490765575 8.01156169744 10 0.707106781187 0.707106781187 0.0 0.0 0 0 0 0 0 0
0 0 1 -7.90644075592 8.08770922821 11 0.707106781187 0.707106781187 0.0 0.0 0 0 0 0 0 0
0 0 1 -7.95448669056 8.00575283583 12 0.707106781187 0.707106781187 0.0 0.0 0 0 0 0 0 0
0 0 1 -7.97617722064 8.06016952608 13 0.707106781187 0.707106781187 0.0 0.0 0 0 0 0 0 0
0 0 1 -7.99659553735 8.01533694925 14 0.707106781187 0.707106781187 0.0 0.0 0 0 0 0 0 0
0 0 1 -7.92330174249 6.07321502713 5 0.707106781187 0.707106781187 0.0 0.0 0 0 0 0 0 0
0 0 1 -7.98198678853 6.08322323798 6 0.707106781187 0.707106781187 0.0 0.0 0 0 0 0 0 0
0 0 1 -7.96107146115 6.09104889093 7 0.707106781187 0.707106781187 0.0 0.0 0 0 0 0 0 0
0 0 1 -7.99383721511 6.07225544672 8 0.707106781187 0.707106781187 0.0 0.0 0 0 0 0 0 0
0 0 1 -7.90172172694 6.01520700844 9 0.707106781187 0.707106781187 0.0 0.0 0 0 0 0 0 0
0 0 1 -7.9332000263 6.05358685918 10 0.707106781187 0.707106781187 0.0 0.0 0 0 0 0 0 0
0 0 1 -7.92300613662 6.07041476052 11 0.707106781187 0.707106781187 0.0 0.0 0 0 0 0 0 0
0 0 1 -7.98256700702 6.03774366827 12 0.707106781187 0.707106781187 0.0 0.0 0 0 0 0 0 0
0 0 1 -7.93731316932 6.00735894256 13 0.707106781187 0.707106781187 0.0 0.0 0 0 0 0 0 0
0 0 1 -7.95097052354 6.01933856825 14 0.707106781187 0.707106781187 0.0 0.0 0 0 0 0 0 0
0 0 1 -7.97639467657 4.02107104466 5 0.707106781187 0.707106781187 0.0 0.0 0 0 0 0 0 0
0 0 1 -7.95301521457 4.08117074003 6 0.707106781187 0.707106781187 0.0 0.0 0 0 0 0 0 0
0 0 1 -7.94157992457 4.05051718781 7 0.707106781187 0.707106781187 0.0 0.0 0 0 0 0 0 0
0 0 1 -7.91057745687 4.01338166853 8 0.707106781187 0.707106781187 0.0 0.0 0 0 0 0 0 0
0 0 1 -7.98771060366 4.05380765189 9 0.707106781187 0.707106781187 0.0 0.0 0 0 0 0 0 0
0 0 1 -7.95774041555 4.0916854358 10 0.707106781187 0.707106781187 0.0 0.0 0 0 0 0 0 0
0 0 1 -7.93238971191 4.07397112638 11 0.707106781187 0.707106781187 0.0 0.0 0 0 0 0 0 0
0 0 1 -7.96083130918 4.03267717122 12 0.707106781187 0.707106781187 0.0 0.0 0 0 0 0 0 0
0 0 1 -7.99386589491 4.06050101229 13 0.707106781187 0.707106781187 0.0 0.0 0 0 0 0 0 0
0 0 1 -7.95757201551 4.03653288009 14 0.707106781187 0.707106781187 0.0 0.0 0 0 0 0 0 0
0 0 1 -7.95391962977 2.01654121968 5 0.707106781187 0.707106781187 0.0 0.0 0 0 0 0 0 0
0 0 1 -7.98914831819 2.06399455822 6 0.707106781187 0.707106781187 0.0 0.0 0 0 0 0 0 0
0 0 1 -7.90757789927 2.00410055134 7 0.707106781187 0.707106781187 0.0 0.0 0 0 0 0 0 0
0 0 1 -7.99094910764 2.04575346622 8 0.707106781187 0.707106781187 0.0 0.0 0 0 0 0 0 0
0 0 1 -7.95793375113 2.099032688 9 0.707106781187 0.707106781187 0.0 0.0 0 0 0 0 0 0
0 0 1 -7.96769704768 2.00165707819 10 0.707106781187 0.707106781187 0.0 0.0 0 0 0 0 0 0
0 0 1 -7.91863910611 2.08695783121 11 0.707106781187 0.707106781187 0.0 0.0 0 0 0 0 0 0
0 0 1 -7.93167559167 2.02709826613 12 0.707106781187 0.707106781187 0.0 0.0 0 0 0 0 0 0
0 0 1 -7.92842267376 2.0738670961 13 0.707106781187 0.707106781187 0.0 0.0 0 0 0 0 0 0
0 0 1 -7.95285419677 2.06034463529 14 0.707106781187 0.707106781187 0.0 0.0 0 0 0 0 0 0
0 0 1 -7.98929893246 0.0328143917655 5 0.707106781187 0.707106781187 0.0 0.0 0 0 0 0 0 0
0 0 1 -7.96318730187 0.0306901412806 6 0.707106781187 0.707106781187 0.0 0.0 0 0 0 0 0 0
0 0 1 -7.95891387197 0.0609181928117 7 0.707106781187 0.707106781187 0.0 0.0 0 0 0 0 0 0
0 0 1 -7.95272431905 0.00893191870562 8 0.707106781187 0.707106781187 0.0 0.0 0 0 0 0 0 0
0 0 1 -7.99183687759 0.0303389757529 9 0.707106781187 0.707106781187 0.0 0.0 0 0 0 0 0 0
0 0 1 -7.9987361446 0.0320433611633 10 0.707106781187 0.707106781187 0.0 0.0 0 0 0 0 0 0
0 0 1 -7.90382646928 0.0487181793384 11 0.707106781187 0.707106781187 0.0 0.0 0 0 0 0 0 0
0 0 1 -7.98400258379 0.0791887398948 12 0.707106781187 0.707106781187 0.0 0.0 0 0 0 0 0 0
0 0 1 -7.99090212719 0.00844777940741 13 0.707106781187 0.707106781187 0.0 0.0 0 0 0 0 0 0
0 0 1 -7.98056830762 0.0348645682973 14 0.707106781187 0.707106781187 0.0 0.0 0 0 0 0 0 0
0 0 1 -7.96966387372 -1.96262074984 5 0.707106781187 0.707106781187 0.0 0.0 0 0 0 0 0 0
0 0 1 -7.90013754637 -1.91115560835 6 0.707106781187 0.707106781187 0.0 0.0 0 0 0 0 0 0
0 0 1 -7.97589011747 -1.9170938324 7 0.707106781187 0.707106781187 0.0 0.0 0 0 0 0 0 0
0 0 1 -7.97520328636 -1.93180573997 8 0.707106781187 0.707106781187 0.0 0.0 0 0 0 0 0 0
0 0 1 -7.91144381761 -1.97670558308 9 0.707106781187 0.707106781187 0.0 0.0 0 0 0 0 0 0
0 0 1 -7.99753965921 -1.98276190411 10 0.707106781187 0.707106781187 0.0 0.0 0 0 0 0 0 0
0 0 1 -7.97264528156 -1.95510758997 11 0.707106781187 0.707106781187 0.0 0.0 0 0 0 0 0 0
0 0 1 -7.92198579317 -1.92584751839 12 0.707106781187 0.707106781187 0.0 0.0 0 0 0 0 0 0
0 0 1 -7.95575158645 -1.93424773435 13 0.707106781187 0.707106781187 0.0 0.0 0 0 0 0 0 0
0 0 1 -7.97207618087 -1.9533262916 14 0.707106781187 0.707106781187 0.0 0.0 0 0 0 0 0 0
0 0 1 -7.95351799286 -3.99761872291 5 0.707106781187 0.707106781187 0.0 0.0 0 0 0 0 0 0
0 0 1 -7.91645011711 -3.92366645365 6 0.707106781187 0.707106781187 0.0 0.0 0 0 0 0 0 0
0 0 1 -7.96173163375 -3.96723125135 7 0.707106781187 0.707106781187 0.0 0.0 0 0 0 0 0 0
0 0 1 -7.90676644385 -3.97215783032 8 0.707106781187 0.707106781187 0.0 0.0 0 0 0 0 0 0
0 0 1 -7.98578371012 -3.98821459091 9 0.707106781187 0.707106781187 0.0 0.0 0 0 0 0 0 0
0 0 1 -7.99759540593 -3.91324110501 10 0.707106781187 0.707106781187 0.0 0.0 0 0 0 0 0 0
0 0 1 -7.9626947585 -3.99006461997 11 0.707106781187 0.707106781187 0.0 0.0 0 0 0 0 0 0
0 0 1 -7.98257316837 -3.92435558622 12 0.707106781187 0.707106781187 0.0 0.0 0 0 0 0 0 0
0 0 1 -7.96222996235 -3.95691884883 13 0.707106781187 0.707106781187 0.0 0.0 0 0 0 0 0 0
0 0 1 -7.94308816532 -3.95870215804 14 0.707106781187 0.707106781187 0.0 0.0 0 0 0 0 0 0
0 0 1 -7.93047835497 -5.91489838716 5 0.707106781187 0.707106781187 0.0 0.0 0 0 0 0 0 0
0 0 1 -7.93368655786 -5.94650654769 6 0.707106781187 0.707106781187 0.0 0.0 0 0 0 0 0 0
0 0 1 -7.92849317783 -5.91130758309 7 0.707106781187 0.707106781187 0.0 0.0 0 0 0 0 0 0
0 0 1 -7.9016793398 -5.93286755113 8 0.707106781187 0.707106781187 0.0 0.0 0 0 0 0 0 0
0 0 1 -7.93105285002 -5.93609484533 9 0.707106781187 0.707106781187 0.0 0.0 0 0 0 0 0 0
0 0 1 -7.95296871798 -5.93496588748 10 0.707106781187 0.707106781187 0.0 0.0 0 0 0 0 0 0
0 0 1 -7.97959231938 -5.9630917134 11 0.707106781187 0.707106781187 0.0 0.0 0 0 0 0 0 0
0 0 1 -7.95656710724 -5.98650936485 12 0.707106781187 0.707106781187 0.0 0.0 0 0 0 0 0 0
0 0 1 -7.91649246883 -5.95389341568 13 0.707106781187 0.707106781187 0.0 0.0 0 0 0 0 0 0
0 0 1 -7.98515571459 -5.9233634461 14 0.707106781187 0.707106781187 0.0 0.0 0 0 0 0 0 0
0 0 1 -7.98776398893 -7.91065312657 5 0.707106781187 0.707106781187 0.0 0.0 0 0 0 0 0 0
0 0 1 -7.97379434305 -7.9460176481 6 0.707106781187 0.707106781187 0.0 0.0 0 0 0 0 0 0
0 0 1 -7.92619821022 -7.98541768612 7 0.707106781187 0.707106781187 0.0 0.0 0 0 0 0 0 0
0 0 1 -7.99168029942 -7.95462045856 8 0.707106781187 0.707106781187 0.0 0.0 0 0 0 0 0 0
0 0 1 -7.97217318101 -7.92435095085 9 0.707106781187 0.707106781187 0.0 0.0 0 0 0 0 0 0
0 0 1 -7.92710140409 -7.90231114926 10 0.707106781187 0.707106781187 0.0 0.0 0 0 0 0 0 0
0 0 1 -7.92245017416 -7.90700716153 11 0.707106781187 0.707106781187 0.0 0.0 0 0 0 0 0 0
0 0 1 -7.96723854664 -7.93172670284 12 0.707106781187 0.707106781187 0.0 0.0 0 0 0 0 0 0
0 0 1 -7.93973911888 -7.94632351354 13 0.707106781187 0.707106781187 0.0 0.0 0 0 0 0 0 0
0 0 1 -7.98104697312 -7.96013540088 14 0.707106781187 0.707106781187 0.0 0.0 0 0 0 0 0 0
